0.0257391386291682 1 1
0.0256990483560149 1 188
0.0257027132577182 1 173
0.0257391386291682 1 85
0.0257391386291682 1 127
0.0257391386291682 1 43
0.0257391386291682 1 98
0.0257391386291682 1 107
0.0257391386291682 1 61
0.0257391386291682 1 216
0.0257391386291682 1 185
0.0257391386291682 1 137
0.0257391386291682 1 211
0.0257391386291682 1 17
0.0257391386291682 1 163
0.0257391386291682 1 169
0.0257391386291682 1 27
0.0257391386291682 1 44
0.0257391386291682 1 134
0.0257391386291682 1 122
0.0257391386291682 1 101
0.0257391386291682 1 201
0.0257391386291682 1 206
0.0257306594364595 1 15
0.0257391386291682 1 32
0.02573693147296 1 20
0.0257391386291682 1 65
0.0257391386291682 1 10
0.0257391386291682 1 181
0.0257391386291682 1 39
0.0257391386291682 1 117
0.0257391386291682 1 103
0.0257391386291682 1 102
0.0257391386291682 1 146
0.0257391386291682 1 67
0.0257391386291682 1 136
0.0257391386291682 1 158
0.0257391386291682 1 94
0.0257391386291682 1 220
0.0257391386291682 1 68
0.0257391386291682 1 147
0.0257391386291682 1 130
0.0257391386291682 1 18
0.0257391386291682 1 120
0.0257391386291682 1 197
0.0257391386291682 1 78
0.0257391386291682 1 186
0.0257391386291682 1 35
0.0257391386291682 1 80
0.0257391386291682 1 24
0.0257391386291682 1 33
0.0257391386291682 1 92
0.0257391386291682 1 196
0.0257391386291682 1 5
0.0257391386291682 1 60
0.0257108372488337 1 40
0.0257391386291682 1 110
0.0257391386291682 1 195
0.0257391386291682 1 221
0.0257391386291682 1 218
0.0257391386291682 1 138
0.0257391386291682 1 31
0.0257391386291682 1 38
0.0257391386291682 1 131
0.0257391386291682 1 190
0.0257391386291682 1 95
0.0257391386291682 1 215
0.0257391386291682 1 161
0.0257391386291682 1 222
0.0256990483560149 2 1 188
0.0257027132577182 2 1 173
0.0257306594364595 2 1 15
0.02573693147296 2 1 20
0.0257108372488337 2 1 40
0.0256244340120209 2 173 188
0.0255651216027167 2 43 188
0.0256394980419864 2 98 188
0.0256531320012259 2 185 188
0.0255783926923774 2 44 188
0.0256539024542041 2 101 188
0.0256743293761 2 15 188
0.0256957286587513 2 20 188
0.0257018600571295 2 65 188
0.0255900406653176 2 188 220
0.0255940963541487 2 40 188
0.0255644176703527 2 188 218
0.0257391386291682 0
0.0256520280495442 2 188 215
0.0256732935081901 2 101 173
0.0256999758580558 2 15 173
0.0256766030164715 2 40 173
0.0257306594364595 2 15 85
0.02573693147296 2 20 85
0.0257108372488337 2 40 85
0.0257306594364595 2 15 127
0.02573693147296 2 20 127
0.0257108372488337 2 40 127
0.0257338655143507 2 43 101
0.0257306594364595 2 15 43
0.02573693147296 2 20 43
0.025687592000576 2 10 43
0.0257108372488337 2 40 43
0.0257217507921298 2 43 215
0.0257306594364595 2 15 98
0.02573693147296 2 20 98
0.0257108372488337 2 40 98
0.0257306594364595 2 15 107
0.02573693147296 2 20 107
0.0257108372488337 2 40 107
0.0257306594364595 2 15 61
0.02573693147296 2 20 61
0.0257108372488337 2 40 61
0.0257306594364595 2 15 216
0.02573693147296 2 20 216
0.0257108372488337 2 40 216
0.0257306594364595 2 15 185
0.02573693147296 2 20 185
0.0256537675338883 2 10 185
0.0257108372488337 2 40 185
0.0257230027921851 2 185 221
0.0257306594364595 2 15 137
0.02573693147296 2 20 137
0.0257108372488337 2 40 137
0.0257306594364595 2 15 211
0.02573693147296 2 20 211
0.0257108372488337 2 40 211
0.0257306594364595 2 15 17
0.02573693147296 2 17 20
0.0257108372488337 2 17 40
0.0257306594364595 2 15 163
0.02573693147296 2 20 163
0.0257108372488337 2 40 163
0.0257306594364595 2 15 169
0.02573693147296 2 20 169
0.0257108372488337 2 40 169
0.0257306594364595 2 15 27
0.02573693147296 2 20 27
0.0257108372488337 2 27 40
0.0257054534782927 2 15 44
0.0257053230827751 2 20 44
0.0257106510640791 2 10 44
0.0257108372488337 2 40 44
0.0257306594364595 2 15 134
0.02573693147296 2 20 134
0.0257108372488337 2 40 134
0.0257306594364595 2 15 122
0.02573693147296 2 20 122
0.0257108372488337 2 40 122
0.0255981778588436 2 15 101
0.0253839100427573 2 20 101
0.0257163817368871 2 65 101
0.0257000068527053 2 101 220
0.0256524792682852 2 24 101
0.0256840318641075 2 92 101
0.0257108372488337 2 40 101
0.0257306594364595 2 15 201
0.02573693147296 2 20 201
0.0257108372488337 2 40 201
0.0257306594364595 2 15 206
0.02573693147296 2 20 206
0.0257108372488337 2 40 206
0.0249281662661829 2 15 20
0.0256797118313557 2 15 136
0.0256979976806205 2 15 220
0.0257040748877118 2 15 35
0.0256957158102339 2 15 24
0.0257216888627443 2 15 92
0.0257027929612005 2 15 40
0.0257052426689521 2 15 110
0.0257158126780273 2 15 138
0.0256890707193192 2 15 215
0.02573693147296 2 20 32
0.0257108372488337 2 32 40
0.0257391386291682 1 20
0.0256647923958985 2 20 220
0.0257213134835994 2 20 24
0.0256145582968785 2 20 33
0.0257007398455273 2 20 40
0.0257200528675188 2 20 218
0.025673345022049 2 20 215
0.0257108372488337 2 40 65
0.0255957422675885 2 10 136
0.0256859081785804 2 10 40
0.0257300291255838 2 10 110
0.0257108372488337 2 40 181
0.019906514585256 2 39 40
0.0257108372488337 2 40 117
0.0257108372488337 2 40 103
0.0257108372488337 2 40 102
0.0257108372488337 2 40 146
0.0257108372488337 2 40 67
0.0257108372488337 2 40 136
0.0257108372488337 2 40 158
0.0257108372488337 2 40 94
0.0257108372488337 2 40 220
0.0257002758117038 2 110 220
0.0257108372488337 2 40 68
0.0257108372488337 2 40 147
0.0257108372488337 2 40 130
0.0257108372488337 2 18 40
0.0257108372488337 2 40 120
0.0257108372488337 2 40 197
0.0257108372488337 2 40 78
0.0257108372488337 2 40 186
0.0257108372488337 2 35 40
0.0257108372488337 2 40 80
0.0257108372488337 2 24 40
0.0257108372488337 2 33 40
0.0257108372488337 2 40 92
0.0257108372488337 2 40 196
0.0257108372488337 2 5 40
0.0257108372488337 2 40 60
0.0256955570516588 2 40 110
0.0257218443839171 2 40 215
0.0257133849490614 2 110 218
0.0256244340120209 3 1 173 188
0.0255651216027167 3 1 43 188
0.0256394980419864 3 1 98 188
0.0256531320012259 3 1 185 188
0.0255783926923774 3 1 44 188
0.0256539024542041 3 1 101 188
0.0256743293761 3 1 15 188
0.0256957286587513 3 1 20 188
0.0257018600571295 3 1 65 188
0.0255900406653176 3 1 188 220
0.0255940963541487 3 1 40 188
0.0255644176703527 3 1 188 218
0.0256520280495442 3 1 188 215
0.0256732935081901 3 1 101 173
0.0256999758580558 3 1 15 173
0.0256766030164715 3 1 40 173
0.0257338655143507 3 1 43 101
0.025687592000576 3 1 10 43
0.0257217507921298 3 1 43 215
0.0256537675338883 3 1 10 185
0.0257391386291682 1 1
0.0256990483560149 1 188
0.0257027132577182 1 173
0.0257391386291682 1 85
0.0257391386291682 1 127
0.0257391386291682 1 43
0.0257391386291682 1 98
0.0257391386291682 1 107
0.0257391386291682 1 61
0.0257391386291682 1 216
0.0257391386291682 1 185
0.0257391386291682 1 137
0.0257391386291682 1 211
0.0257391386291682 1 17
0.0257391386291682 1 163
0.0257391386291682 1 169
0.0257391386291682 1 27
0.0257391386291682 1 44
0.0257391386291682 1 134
0.0257391386291682 1 122
0.0257391386291682 1 101
0.0257391386291682 1 201
0.0257391386291682 1 206
0.0257306594364595 1 15
0.0257391386291682 1 32
0.02573693147296 1 20
0.0257391386291682 1 65
0.0257391386291682 1 10
0.0257391386291682 1 181
0.0257391386291682 1 39
0.0257391386291682 1 117
0.0257391386291682 1 103
0.0257391386291682 1 102
0.0257391386291682 1 146
0.0257391386291682 1 67
0.0257391386291682 1 136
0.0257391386291682 1 158
0.0257391386291682 1 94
0.0257391386291682 1 220
0.0257391386291682 1 68
0.0257391386291682 1 147
0.0257391386291682 1 130
0.0257391386291682 1 18
0.0257391386291682 1 120
0.0257391386291682 1 197
0.0257391386291682 1 78
0.0257391386291682 1 186
0.0257391386291682 1 35
0.0257391386291682 1 80
0.0257391386291682 1 24
0.0257391386291682 1 33
0.0257391386291682 1 92
0.0257391386291682 1 196
0.0257391386291682 1 5
0.0257391386291682 1 60
0.0257108372488337 1 40
0.0257391386291682 1 110
0.0257391386291682 1 195
0.0257391386291682 1 221
0.0257391386291682 1 218
0.0257391386291682 1 138
0.0257391386291682 1 31
0.0257391386291682 1 38
0.0257391386291682 1 131
0.0257391386291682 1 190
0.0257391386291682 1 95
0.0257391386291682 1 215
0.0257391386291682 1 161
0.0257391386291682 1 222
0.0256990483560149 2 1 188
0.0257027132577182 2 1 173
0.0257306594364595 2 1 15
0.02573693147296 2 1 20
0.0257108372488337 2 1 40
0.0256244340120209 2 173 188
0.0255651216027167 2 43 188
0.0256394980419864 2 98 188
0.0256531320012259 2 185 188
0.0255783926923774 2 44 188
0.0256539024542041 2 101 188
0.0256743293761 2 15 188
0.0256957286587513 2 20 188
0.0257018600571295 2 65 188
0.0255900406653176 2 188 220
0.0255940963541487 2 40 188
0.0255644176703527 2 188 218
0.0257391386291682 0
0.0256520280495442 2 188 215
