0.302963778751391 1 91
0.309284146903123 1 128
0.33683696790222 1 88
0.343177848020959 1 89
0.343603061884663 1 75
0.344722813521694 1 68
0.344747621225503 1 12
0.344466815351525 1 168
0.268257205698891 2 91 128
0.29564514406794 2 88 91
0.274405879911708 2 78 91
0.301743794525164 2 89 91
0.302247514744535 2 75 91
0.302699864460117 2 84 91
0.300860540590639 2 91 170
0.302767592404816 2 68 91
0.302047968343331 2 74 91
0.302557438769543 2 4 91
0.302498083337654 2 27 91
0.302860239179691 2 91 202
0.302726702167926 2 91 112
0.302156192434121 2 91 207
0.301191538254149 2 91 205
0.302153726510899 2 91 131
0.302088746004824 2 12 91
0.302289500439003 2 48 91
0.302918870350817 2 91 168
0.289743394164598 2 99 128
0.30207268183106 2 88 128
0.304924145820781 2 78 128
0.307921907676269 2 89 128
0.30854692506443 2 75 128
0.309073088687358 2 68 128
0.309259039799017 2 74 128
0.309160165265943 2 35 128
0.308300674009464 2 23 128
0.308423107374545 2 66 128
0.308706270172825 2 121 128
0.308142545652009 2 128 205
0.344759500000017 0
0.309114893120589 2 128 161
0.309189031771283 2 22 128
0.308400433802551 2 128 222
0.309120133419834 2 128 168
0.307881510113475 2 100 128
0.309210460704393 2 128 192
0.33683696790222 2 88 99
