0.178654393961698 1 22
0.465732506620735 1 18
0.395205963816773 1 25
0.475179086963054 1 203
0.164178032929494 2 18 22
0.154676800483603 2 22 25
0.17678137869713 2 22 203
0.178314144411724 2 22 88
0.387837121998488 2 18 25
0.465640569658909 2 18 203
0.306473714987564 2 24 25
0.395201156933568 2 25 81
0.474991597658709 2 24 81
0.13932019929135 3 18 22 25
0.161798308467881 3 18 22 203
0.163815288818449 3 18 22 88
0.153378326192509 3 22 25 203
0.130462428688564 3 22 24 25
0.154376681757824 3 22 25 81
0.154118180150574 3 22 25 88
