1, 2, 63, 45, 11, 47, 64, 4, 3, 12, 15, 7, 10, 19, 56, 17, 34, 46, 31, 21, 28, 50, 8, 59, 60, 62, 6, 43, 20, 9, 49, 14, 38, 26, 36, 32, 42, 41, 52, 29, 13, 22, 51, 35, 33, 18, 5, 23, 53, 58, 27, 37, 40, 30, 57, 24, 61, 44, 39, 25, 16, 48, 55, 54
2, 1, 12, 53, 7, 15, 4, 61, 63, 28, 51, 64, 13, 27, 45, 52, 3, 14, 44, 18, 25, 56, 41, 39, 42, 36, 29, 43, 57, 10, 59, 5, 8, 37, 11, 20, 26, 24, 23, 17, 38, 16, 40, 48, 58, 30, 47, 9, 35, 19, 62, 6, 31, 46, 34, 32, 21, 22, 55, 33, 54, 50, 49, 60
3, 16, 55, 18, 19, 1, 10, 46, 22, 12, 60, 49, 56, 6, 8, 2, 62, 5, 17, 48, 7, 52, 4, 43, 45, 20, 14, 13, 24, 51, 57, 38, 28, 21, 32, 59, 25, 36, 29, 61, 31, 35, 33, 53, 39, 30, 64, 54, 15, 63, 41, 50, 27, 11, 9, 58, 26, 44, 37, 47, 23, 34, 42, 40
4, 21, 5, 57, 1, 23, 11, 28, 2, 62, 15, 46, 44, 59, 63, 22, 45, 48, 27, 60, 10, 47, 12, 54, 25, 36, 49, 14, 64, 42, 8, 56, 19, 38, 26, 53, 37, 52, 7, 43, 30, 20, 24, 9, 50, 61, 17, 6, 31, 13, 3, 29, 18, 58, 39, 34, 35, 51, 33, 32, 16, 41, 40, 55
5, 46, 4, 7, 57, 27, 1, 45, 6, 2, 33, 31, 39, 26, 10, 3, 29, 18, 24, 36, 8, 32, 23, 61, 14, 51, 9, 13, 25, 11, 38, 20, 37, 35, 64, 60, 53, 12, 54, 63, 62, 58, 42, 15, 55, 17, 21, 34, 49, 19, 47, 44, 59, 28, 41, 30, 40, 56, 43, 48, 50, 52, 16, 22
6, 33, 34, 35, 36, 3, 1, 16, 18, 55, 24, 46, 11, 39, 2, 19, 25, 5, 28, 21, 61, 59, 7, 38, 9, 50, 60, 22, 4, 29, 27, 23, 43, 17, 32, 8, 45, 10, 30, 13, 57, 53, 20, 15, 49, 42, 54, 48, 44, 14, 62, 41, 12, 31, 64, 26, 63, 37, 52, 51, 40, 58, 56, 47
7, 5, 57, 1, 12, 4, 21, 3, 45, 27, 22, 44, 2, 30, 58, 32, 20, 24, 34, 51, 61, 25, 38, 31, 8, 11, 36, 46, 39, 56, 10, 29, 9, 64, 37, 40, 18, 59, 62, 53, 19, 16, 28, 52, 54, 43, 42, 6, 33, 15, 17, 23, 35, 14, 13, 47, 49, 55, 48, 60, 41, 63, 50, 26
8, 45, 1, 36, 17, 43, 9, 64, 62, 12, 32, 50, 42, 38, 3, 52, 2, 57, 23, 26, 25, 54, 60, 30, 20, 5, 15, 51, 63, 44, 33, 22, 61, 7, 18, 49, 53, 14, 4, 37, 46, 16, 40, 48, 21, 56, 58, 19, 24, 39, 11, 35, 10, 31, 27, 59, 29, 13, 6, 34, 47, 28, 41, 55
9, 1, 44, 11, 2, 21, 26, 46, 56, 42, 38, 14, 61, 25, 8, 35, 58, 36, 54, 5, 37, 7, 48, 51, 45, 12, 20, 43, 27, 10, 17, 33, 15, 22, 19, 52, 32, 29, 39, 4, 50, 3, 31, 24, 13, 62, 63, 16, 57, 55, 47, 18, 28, 64, 40, 23, 34, 30, 41, 60, 59, 6, 53, 49
10, 56, 1, 45, 2, 11, 39, 21, 48, 12, 24, 54, 26, 13, 28, 3, 17, 50, 14, 44, 4, 57, 20, 31, 53, 22, 23, 37, 51, 19, 60, 30, 59, 62, 7, 61, 15, 5, 16, 25, 46, 33, 64, 58, 49, 27, 47, 34, 9, 36, 63, 40, 18, 42, 6, 52, 8, 55, 32, 43, 29, 35, 38, 41
11, 6, 1, 59, 46, 12, 9, 10, 32, 15, 36, 2, 42, 20, 31, 35, 22, 40, 3, 34, 50, 19, 45, 61, 62, 13, 28, 60, 64, 33, 37, 30, 38, 14, 7, 56, 43, 29, 48, 4, 44, 53, 23, 5, 54, 39, 8, 57, 52, 58, 49, 18, 21, 24, 41, 63, 26, 17, 27, 16, 47, 25, 55, 51
12, 2, 8, 1, 7, 45, 11, 37, 32, 64, 44, 19, 14, 31, 52, 9, 18, 4, 42, 61, 30, 24, 10, 23, 28, 3, 50, 56, 20, 63, 25, 57, 5, 16, 46, 47, 6, 43, 17, 51, 34, 53, 54, 22, 62, 59, 48, 26, 58, 13, 55, 15, 21, 29, 35, 33, 38, 39, 27, 41, 40, 60, 49, 36
13, 19, 1, 14, 2, 23, 41, 40, 12, 30, 17, 25, 44, 22, 10, 32, 4, 27, 18, 29, 60, 63, 15, 3, 56, 5, 26, 57, 58, 21, 64, 38, 53, 20, 49, 28, 42, 16, 7, 33, 11, 37, 59, 39, 31, 48, 50, 54, 52, 8, 43, 45, 62, 24, 61, 51, 47, 36, 9, 34, 55, 6, 35, 46
14, 29, 1, 13, 28, 2, 59, 39, 43, 48, 11, 38, 23, 4, 46, 36, 9, 42, 52, 63, 12, 8, 27, 26, 10, 64, 47, 24, 50, 21, 5, 62, 33, 22, 31, 3, 19, 17, 15, 60, 20, 57, 32, 44, 41, 54, 53, 35, 18, 49, 40, 55, 61, 25, 16, 51, 7, 30, 34, 6, 56, 58, 37, 45
15, 38, 2, 1, 46, 29, 49, 11, 7, 18, 10, 26, 28, 42, 63, 35, 6, 54, 17, 4, 21, 36, 57, 64, 52, 51, 22, 39, 32, 9, 13, 8, 56, 53, 41, 24, 14, 27, 55, 45, 5, 59, 33, 58, 50, 48, 12, 47, 44, 19, 23, 40, 30, 25, 3, 20, 31, 61, 37, 16, 60, 62, 43, 34
16, 55, 17, 3, 1, 14, 38, 18, 10, 4, 53, 5, 13, 52, 8, 64, 26, 31, 48, 30, 62, 2, 23, 54, 32, 19, 63, 22, 34, 15, 6, 7, 21, 50, 9, 20, 42, 24, 43, 25, 57, 27, 12, 60, 28, 56, 11, 44, 29, 51, 39, 59, 45, 35, 61, 47, 58, 37, 41, 49, 36, 46, 33, 40
17, 16, 55, 1, 30, 42, 26, 19, 35, 5, 49, 3, 56, 2, 54, 6, 4, 21, 11, 52, 10, 48, 24, 13, 45, 46, 37, 8, 7, 36, 9, 41, 14, 23, 31, 20, 33, 44, 38, 51, 18, 61, 22, 25, 28, 27, 39, 59, 40, 58, 53, 43, 12, 60, 64, 32, 34, 29, 57, 15, 62, 47, 50, 63
18, 16, 3, 56, 1, 15, 43, 11, 55, 2, 12, 25, 32, 13, 57, 34, 4, 54, 21, 22, 24, 17, 7, 26, 33, 47, 61, 5, 58, 27, 37, 45, 39, 20, 19, 28, 9, 48, 49, 60, 52, 50, 46, 38, 31, 59, 40, 64, 51, 53, 29, 62, 6, 41, 23, 14, 36, 10, 44, 42, 8, 63, 30, 35
19, 3, 1, 13, 60, 41, 53, 59, 38, 2, 49, 44, 14, 52, 23, 16, 18, 31, 20, 42, 62, 30, 50, 10, 9, 29, 39, 46, 5, 63, 15, 47, 17, 25, 56, 40, 28, 11, 12, 58, 51, 43, 8, 35, 4, 34, 64, 45, 36, 22, 26, 6, 7, 21, 24, 48, 55, 57, 33, 37, 27, 32, 61, 54
20, 63, 1, 19, 48, 24, 57, 28, 39, 21, 59, 38, 40, 29, 36, 30, 43, 2, 4, 45, 46, 37, 15, 11, 12, 56, 35, 10, 61, 42, 22, 23, 54, 13, 5, 62, 27, 60, 47, 25, 3, 50, 7, 31, 58, 6, 26, 51, 8, 16, 44, 34, 18, 49, 17, 32, 64, 9, 52, 14, 41, 33, 53, 55
21, 4, 57, 1, 62, 17, 52, 10, 27, 2, 20, 7, 5, 13, 50, 22, 23, 54, 14, 60, 59, 64, 32, 30, 3, 42, 24, 12, 46, 15, 9, 37, 11, 28, 26, 31, 41, 25, 39, 44, 38, 51, 29, 36, 61, 63, 48, 45, 19, 16, 43, 49, 8, 18, 47, 6, 56, 53, 58, 33, 34, 40, 55, 35
22, 32, 1, 42, 9, 26, 2, 50, 3, 13, 23, 33, 4, 36, 57, 47, 15, 64, 11, 14, 8, 31, 44, 7, 12, 18, 63, 51, 19, 30, 39, 5, 6, 34, 10, 61, 53, 28, 21, 43, 46, 54, 49, 29, 62, 38, 58, 35, 59, 48, 25, 52, 16, 17, 40, 55, 45, 60, 20, 37, 27, 24, 56, 41
23, 37, 48, 50, 4, 1, 58, 2, 54, 7, 10, 55, 5, 35, 13, 31, 30, 3, 57, 39, 52, 62, 42, 9, 24, 17, 27, 61, 15, 12, 22, 36, 19, 28, 46, 20, 49, 34, 43, 32, 14, 25, 40, 47, 60, 59, 8, 38, 26, 53, 33, 45, 6, 21, 18, 64, 11, 16, 29, 44, 63, 56, 51, 41
24, 26, 1, 54, 33, 42, 2, 60, 39, 19, 52, 10, 17, 29, 45, 9, 49, 4, 8, 58, 32, 56, 23, 62, 3, 53, 61, 25, 59, 30, 12, 48, 20, 34, 31, 47, 21, 27, 36, 14, 46, 50, 40, 11, 38, 6, 15, 16, 43, 55, 51, 7, 37, 5, 28, 13, 63, 64, 18, 35, 44, 41, 57, 22
25, 40, 58, 4, 64, 1, 13, 53, 41, 2, 46, 50, 63, 15, 23, 43, 37, 18, 42, 9, 44, 19, 30, 32, 34, 27, 36, 49, 39, 35, 5, 48, 12, 57, 21, 20, 61, 8, 31, 45, 7, 3, 6, 22, 52, 28, 62, 17, 24, 11, 14, 26, 54, 47, 56, 29, 16, 60, 38, 10, 59, 51, 33, 55
26, 14, 1, 48, 57, 24, 32, 2, 5, 30, 53, 22, 10, 9, 59, 54, 31, 60, 47, 62, 4, 23, 15, 3, 8, 42, 52, 11, 39, 64, 38, 21, 51, 17, 63, 55, 13, 33, 29, 34, 16, 50, 18, 7, 19, 37, 20, 46, 40, 27, 45, 61, 58, 43, 49, 56, 35, 44, 25, 28, 6, 36, 12, 41
27, 5, 46, 1, 19, 7, 50, 25, 13, 3, 61, 14, 21, 18, 62, 17, 10, 40, 2, 48, 53, 15, 4, 55, 51, 20, 60, 57, 22, 31, 41, 39, 59, 56, 37, 54, 9, 47, 45, 11, 33, 49, 64, 28, 63, 23, 58, 26, 36, 42, 38, 30, 43, 35, 6, 29, 44, 52, 32, 12, 8, 16, 24, 34
28, 14, 20, 1, 43, 13, 56, 64, 2, 11, 30, 26, 3, 7, 37, 38, 29, 4, 57, 54, 52, 60, 17, 32, 46, 61, 53, 62, 12, 44, 49, 10, 19, 36, 33, 48, 25, 9, 50, 51, 59, 47, 5, 16, 41, 31, 39, 22, 34, 21, 8, 15, 27, 45, 35, 24, 55, 40, 6, 18, 23, 63, 58, 42
29, 30, 14, 1, 28, 32, 15, 56, 46, 38, 44, 2, 37, 18, 11, 19, 50, 3, 47, 64, 5, 9, 24, 53, 57, 48, 60, 8, 59, 54, 13, 39, 10, 52, 4, 61, 7, 51, 22, 25, 12, 21, 62, 42, 35, 16, 49, 45, 36, 20, 31, 43, 58, 34, 6, 33, 41, 27, 63, 17, 26, 23, 55, 40
30, 29, 42, 1, 26, 32, 48, 3, 46, 11, 45, 60, 35, 7, 54, 57, 59, 39, 13, 25, 19, 2, 50, 28, 5, 22, 38, 49, 24, 20, 53, 9, 18, 12, 33, 64, 17, 51, 10, 23, 43, 8, 15, 27, 47, 63, 52, 58, 4, 44, 56, 36, 37, 61, 62, 6, 14, 40, 55, 41, 31, 21, 34, 16
31, 51, 54, 26, 4, 1, 64, 37, 12, 60, 13, 63, 42, 32, 2, 22, 46, 11, 44, 23, 30, 25, 15, 14, 27, 20, 17, 24, 61, 62, 21, 3, 53, 57, 52, 9, 56, 35, 59, 6, 19, 48, 29, 47, 45, 10, 39, 43, 18, 28, 36, 38, 5, 7, 49, 55, 50, 33, 8, 40, 16, 34, 58, 41
32, 1, 9, 46, 8, 26, 36, 29, 21, 49, 39, 18, 7, 4, 24, 30, 2, 31, 56, 42, 17, 28, 45, 23, 54, 3, 10, 22, 52, 61, 37, 25, 11, 51, 20, 27, 64, 5, 13, 15, 19, 60, 38, 63, 44, 43, 50, 14, 57, 6, 48, 62, 47, 53, 12, 34, 33, 35, 59, 40, 58, 41, 55, 16
33, 6, 34, 36, 1, 3, 35, 16, 2, 56, 57, 48, 10, 49, 32, 17, 5, 62, 64, 23, 45, 9, 39, 13, 19, 25, 30, 18, 61, 14, 53, 4, 63, 24, 29, 55, 20, 7, 50, 27, 28, 42, 15, 8, 12, 22, 11, 31, 46, 43, 40, 26, 44, 54, 58, 37, 60, 38, 52, 59, 21, 47, 41, 51
34, 6, 33, 35, 1, 2, 21, 18, 12, 25, 19, 49, 58, 36, 29, 4, 22, 56, 20, 63, 7, 32, 64, 10, 26, 3, 44, 17, 28, 13, 11, 48, 42, 54, 8, 24, 15, 9, 57, 53, 45, 51, 50, 31, 61, 60, 39, 38, 23, 47, 43, 5, 27, 40, 62, 14, 16, 59, 30, 46, 55, 37, 41, 52
35, 6, 36, 34, 1, 9, 33, 53, 4, 46, 22, 11, 3, 2, 25, 24, 39, 57, 43, 62, 38, 54, 37, 17, 27, 60, 42, 32, 56, 21, 19, 61, 50, 20, 12, 64, 47, 23, 7, 49, 63, 8, 15, 26, 48, 45, 5, 44, 58, 13, 29, 31, 18, 52, 28, 10, 14, 16, 55, 59, 41, 30, 51, 40
36, 35, 6, 33, 1, 8, 13, 34, 11, 51, 45, 4, 53, 3, 26, 2, 32, 14, 56, 7, 21, 57, 9, 37, 43, 31, 20, 17, 41, 15, 25, 30, 49, 12, 62, 60, 10, 24, 22, 5, 46, 38, 52, 47, 28, 54, 19, 40, 44, 50, 64, 29, 39, 42, 27, 18, 23, 63, 48, 59, 58, 16, 55, 61
37, 23, 1, 48, 32, 52, 36, 50, 3, 29, 44, 28, 10, 59, 12, 57, 2, 42, 64, 5, 41, 11, 47, 18, 35, 31, 4, 51, 60, 56, 15, 27, 45, 24, 17, 49, 25, 8, 7, 20, 39, 26, 9, 13, 30, 19, 62, 38, 43, 46, 54, 61, 40, 53, 34, 22, 21, 63, 58, 6, 55, 16, 33, 14
38, 15, 1, 8, 2, 23, 19, 56, 59, 55, 4, 42, 20, 61, 39, 16, 51, 54, 52, 14, 22, 48, 10, 45, 60, 57, 11, 3, 7, 63, 36, 9, 31, 21, 17, 18, 49, 12, 27, 44, 35, 28, 58, 50, 6, 26, 46, 32, 47, 5, 29, 37, 40, 43, 41, 33, 13, 25, 30, 53, 24, 64, 34, 62
39, 14, 1, 24, 27, 20, 15, 2, 38, 3, 23, 29, 56, 30, 26, 57, 49, 63, 12, 50, 10, 4, 13, 21, 59, 51, 6, 19, 42, 9, 36, 7, 44, 8, 64, 53, 25, 11, 54, 47, 43, 62, 61, 45, 52, 17, 37, 16, 31, 18, 41, 22, 48, 58, 28, 35, 60, 46, 33, 34, 40, 32, 55, 5
40, 41, 58, 47, 1, 9, 2, 63, 42, 18, 5, 13, 12, 26, 53, 27, 44, 57, 20, 24, 39, 22, 28, 7, 31, 19, 10, 36, 25, 50, 52, 11, 46, 56, 33, 43, 51, 23, 48, 3, 37, 15, 14, 62, 6, 4, 54, 49, 38, 64, 16, 34, 55, 21, 45, 17, 59, 8, 29, 61, 32, 35, 60, 30
41, 40, 1, 2, 12, 19, 42, 7, 31, 58, 14, 34, 5, 6, 30, 11, 9, 10, 36, 17, 22, 62, 49, 53, 13, 48, 32, 3, 21, 15, 52, 24, 26, 54, 59, 50, 44, 28, 56, 60, 57, 27, 35, 38, 45, 4, 33, 51, 8, 63, 37, 64, 46, 16, 20, 55, 25, 18, 39, 61, 43, 29, 23, 47
42, 47, 1, 50, 2, 14, 32, 38, 8, 57, 30, 9, 64, 7, 23, 22, 53, 59, 4, 56, 20, 24, 44, 36, 11, 3, 17, 15, 46, 6, 25, 21, 60, 12, 35, 62, 52, 19, 29, 37, 39, 63, 10, 51, 26, 5, 31, 40, 13, 34, 28, 48, 54, 49, 18, 41, 27, 45, 43, 16, 61, 58, 33, 55
43, 8, 14, 1, 18, 30, 11, 50, 2, 21, 46, 53, 48, 32, 62, 36, 38, 20, 47, 10, 60, 52, 6, 35, 26, 61, 37, 15, 4, 12, 19, 5, 9, 3, 58, 42, 54, 56, 7, 13, 28, 27, 44, 24, 51, 23, 64, 29, 25, 49, 16, 41, 31, 17, 40, 39, 59, 45, 34, 22, 33, 63, 55, 57
44, 34, 1, 61, 31, 9, 29, 13, 54, 23, 5, 52, 60, 17, 64, 25, 21, 59, 10, 49, 2, 50, 63, 47, 6, 48, 30, 56, 39, 55, 15, 28, 4, 32, 35, 42, 20, 8, 40, 41, 51, 36, 14, 38, 12, 37, 24, 3, 16, 62, 11, 19, 18, 43, 26, 7, 53, 45, 57, 27, 58, 22, 33, 46
45, 1, 5, 2, 12, 50, 8, 7, 49, 13, 26, 61, 54, 9, 29, 32, 23, 3, 30, 44, 16, 27, 36, 60, 20, 15, 48, 10, 14, 11, 25, 58, 64, 57, 53, 17, 39, 38, 52, 6, 63, 33, 46, 62, 4, 22, 31, 19, 24, 59, 47, 35, 55, 28, 18, 43, 37, 34, 21, 56, 42, 40, 41, 51
46, 5, 4, 6, 1, 3, 9, 27, 29, 47, 2, 32, 30, 34, 35, 7, 16, 48, 42, 10, 31, 21, 15, 55, 36, 43, 37, 12, 19, 56, 53, 8, 14, 39, 33, 44, 54, 20, 22, 52, 23, 25, 62, 40, 26, 57, 50, 59, 45, 11, 18, 60, 61, 24, 38, 17, 58, 49, 64, 13, 63, 41, 51, 28
47, 40, 1, 42, 28, 30, 43, 26, 44, 22, 19, 39, 62, 45, 60, 63, 37, 15, 9, 38, 49, 46, 4, 52, 2, 7, 64, 23, 13, 57, 8, 17, 48, 12, 11, 58, 53, 5, 10, 3, 24, 25, 50, 27, 21, 36, 41, 20, 16, 35, 56, 6, 31, 59, 29, 33, 55, 32, 61, 18, 51, 14, 54, 34
48, 59, 23, 1, 26, 2, 37, 10, 22, 60, 11, 58, 4, 8, 30, 9, 64, 18, 5, 44, 24, 45, 20, 32, 51, 12, 46, 52, 54, 14, 3, 38, 61, 35, 33, 53, 15, 25, 29, 21, 7, 63, 39, 42, 27, 43, 49, 36, 6, 47, 57, 56, 62, 13, 31, 19, 17, 28, 40, 34, 16, 55, 50, 41
49, 45, 1, 5, 15, 59, 60, 36, 19, 55, 8, 56, 41, 9, 39, 6, 23, 52, 2, 50, 3, 12, 18, 26, 48, 64, 20, 16, 58, 32, 28, 46, 13, 44, 30, 54, 43, 47, 10, 33, 21, 4, 31, 29, 63, 57, 53, 11, 22, 42, 27, 25, 62, 51, 34, 35, 17, 7, 37, 61, 40, 14, 24, 38
50, 45, 1, 42, 27, 8, 29, 22, 59, 12, 25, 14, 61, 64, 21, 52, 40, 53, 10, 49, 43, 60, 4, 2, 11, 54, 9, 16, 15, 30, 26, 13, 46, 47, 6, 3, 28, 56, 41, 20, 44, 24, 38, 57, 5, 33, 23, 18, 37, 48, 19, 62, 63, 36, 58, 7, 39, 31, 34, 51, 32, 35, 17, 55
51, 54, 31, 1, 60, 62, 56, 2, 21, 24, 47, 3, 9, 15, 4, 7, 30, 48, 38, 39, 53, 8, 12, 5, 50, 42, 52, 64, 59, 49, 18, 32, 20, 27, 29, 11, 14, 58, 19, 22, 25, 28, 37, 34, 10, 13, 36, 57, 43, 61, 44, 17, 23, 45, 35, 63, 33, 41, 26, 55, 6, 40, 16, 46
52, 34, 1, 9, 2, 36, 61, 33, 28, 18, 20, 3, 29, 17, 12, 10, 56, 57, 8, 26, 6, 19, 30, 13, 15, 23, 37, 41, 49, 43, 14, 42, 50, 44, 51, 38, 4, 21, 5, 46, 60, 63, 48, 32, 7, 25, 62, 45, 59, 27, 24, 35, 39, 22, 58, 47, 31, 53, 11, 54, 16, 40, 64, 55
53, 2, 1, 13, 56, 15, 14, 33, 61, 12, 6, 64, 3, 7, 11, 25, 10, 34, 26, 45, 48, 28, 35, 41, 22, 4, 46, 23, 19, 8, 16, 43, 27, 39, 21, 63, 57, 29, 36, 54, 62, 9, 40, 37, 51, 20, 18, 50, 42, 30, 24, 47, 58, 32, 5, 60, 17, 59, 31, 52, 38, 49, 55, 44
54, 51, 31, 48, 1, 8, 2, 24, 9, 36, 7, 11, 13, 62, 46, 28, 44, 4, 23, 47, 42, 3, 60, 63, 49, 26, 5, 53, 38, 22, 20, 12, 30, 58, 15, 56, 16, 14, 33, 43, 32, 64, 45, 55, 18, 57, 37, 6, 50, 39, 29, 35, 34, 25, 17, 21, 10, 52, 27, 19, 40, 61, 41, 59
55, 16, 14, 1, 53, 52, 45, 3, 54, 8, 20, 56, 24, 50, 4, 30, 11, 31, 5, 9, 18, 27, 32, 15, 48, 43, 22, 2, 51, 62, 13, 44, 26, 23, 38, 21, 6, 17, 42, 7, 60, 49, 33, 63, 64, 57, 12, 25, 59, 35, 58, 28, 46, 61, 36, 34, 19, 29, 10, 37, 41, 39, 40, 47
56, 10, 49, 1, 29, 59, 53, 50, 46, 2, 20, 54, 48, 7, 36, 58, 52, 26, 28, 31, 13, 23, 61, 44, 60, 9, 4, 24, 42, 37, 21, 51, 43, 63, 39, 3, 18, 57, 32, 5, 11, 30, 8, 15, 38, 12, 19, 33, 27, 62, 14, 6, 22, 55, 25, 35, 47, 17, 45, 64, 34, 40, 41, 16
57, 5, 4, 1, 21, 35, 7, 59, 6, 54, 2, 30, 27, 64, 10, 8, 58, 39, 29, 15, 50, 22, 36, 20, 28, 61, 63, 34, 49, 56, 45, 42, 38, 26, 19, 52, 11, 3, 17, 46, 12, 53, 9, 60, 24, 32, 33, 18, 13, 16, 48, 62, 31, 14, 55, 37, 41, 47, 23, 44, 25, 40, 51, 43
58, 40, 25, 7, 1, 41, 30, 43, 51, 57, 34, 59, 13, 11, 4, 50, 48, 9, 29, 15, 8, 19, 26, 36, 12, 22, 2, 6, 3, 47, 31, 24, 44, 14, 32, 54, 16, 5, 56, 45, 20, 18, 46, 53, 10, 39, 37, 17, 62, 52, 60, 28, 64, 61, 27, 55, 42, 63, 23, 38, 33, 35, 49, 21
59, 48, 1, 4, 49, 56, 60, 50, 32, 40, 20, 30, 18, 10, 3, 8, 22, 9, 23, 11, 41, 21, 63, 24, 19, 52, 2, 37, 28, 26, 13, 15, 31, 33, 14, 39, 29, 7, 5, 34, 12, 51, 54, 6, 38, 53, 44, 25, 27, 64, 42, 58, 61, 35, 36, 17, 55, 57, 47, 46, 62, 16, 45, 43
60, 31, 10, 1, 49, 59, 42, 7, 63, 9, 17, 30, 54, 47, 29, 14, 48, 6, 37, 19, 25, 51, 11, 61, 26, 2, 5, 24, 52, 35, 28, 33, 3, 23, 27, 50, 53, 4, 36, 46, 38, 57, 44, 8, 15, 22, 43, 20, 64, 62, 39, 32, 16, 45, 56, 55, 13, 18, 34, 41, 12, 58, 21, 40
61, 59, 1, 2, 23, 9, 45, 52, 31, 62, 20, 4, 27, 29, 22, 48, 46, 60, 6, 18, 49, 10, 55, 19, 56, 53, 24, 8, 39, 3, 5, 51, 28, 57, 7, 58, 32, 38, 44, 15, 42, 14, 13, 34, 50, 40, 17, 37, 43, 11, 36, 26, 16, 33, 12, 21, 30, 41, 63, 35, 25, 54, 64, 47
62, 1, 4, 2, 25, 17, 27, 21, 20, 13, 19, 24, 14, 50, 61, 52, 59, 22, 33, 30, 32, 42, 47, 56, 60, 28, 51, 46, 6, 64, 31, 44, 57, 54, 8, 37, 10, 3, 9, 45, 49, 7, 5, 39, 23, 29, 12, 15, 43, 18, 34, 35, 16, 58, 53, 36, 11, 63, 40, 41, 55, 26, 48, 38
63, 1, 2, 12, 20, 59, 4, 53, 15, 11, 31, 60, 3, 6, 38, 52, 9, 57, 5, 39, 8, 7, 36, 64, 13, 22, 30, 42, 14, 62, 21, 17, 19, 10, 23, 28, 44, 58, 37, 43, 32, 35, 56, 47, 49, 45, 18, 34, 41, 48, 55, 50, 51, 46, 26, 25, 16, 40, 33, 61, 29, 54, 24, 27
64, 25, 1, 42, 35, 9, 29, 7, 53, 12, 62, 18, 8, 44, 37, 27, 56, 3, 28, 2, 22, 19, 46, 57, 50, 6, 23, 26, 39, 13, 5, 59, 4, 51, 34, 41, 17, 54, 11, 21, 33, 63, 10, 31, 49, 61, 32, 16, 47, 58, 36, 48, 55, 20, 38, 43, 45, 15, 60, 24, 14, 52, 30, 40
