0, 57, 95, 38, 40, 14, 16, 17, 3, 50, 58, 2, 56, 84, 91, 96, 8, 90, 104, 52, 6, 24, 63, 25, 97, 26, 76, 41, 11, 105, 64, 22, 13, 70, 83, 86, 101, 1, 10, 61, 54, 23, 9, 69, 30, 35, 7, 62, 29, 12, 37, 46, 99, 34, 28, 21, 108, 60, 67, 65, 27, 107, 88, 15, 72, 82, 102, 53, 47, 73, 42, 55, 106, 31, 100, 43, 44, 4, 66, 74, 48, 32, 19, 5, 20, 33, 39, 45, 49, 51, 59, 71, 75, 78, 80, 81, 87, 89, 92, 93, 94, 98, 103
1, 47, 0, 13, 11, 34, 22, 29, 27, 2, 3, 4, 5, 6, 7, 8, 9, 10, 12, 14, 15, 16, 17, 19, 20, 21, 23, 24, 25, 26, 28, 30, 31, 32, 33, 35, 37, 38, 39, 40, 41, 42, 43, 44, 45, 46, 48, 49, 50, 51, 52, 53, 54, 55, 56, 57, 58, 59, 60, 61, 62, 63, 64, 65, 66, 67, 69, 70, 71, 72, 73, 74, 75, 76, 78, 80, 81, 82, 83, 84, 86, 87, 88, 89, 90, 91, 92, 93, 94, 95, 96, 97, 98, 99, 100, 101, 102, 103, 104, 105, 106, 107, 108
2, 3, 0, 1, 4, 5, 6, 7, 8, 9, 10, 11, 12, 13, 14, 15, 16, 17, 19, 20, 21, 22, 23, 24, 25, 26, 27, 28, 29, 30, 31, 32, 33, 34, 35, 37, 38, 39, 40, 41, 42, 43, 44, 45, 46, 47, 48, 49, 50, 51, 52, 53, 54, 55, 56, 57, 58, 59, 60, 61, 62, 63, 64, 65, 66, 67, 69, 70, 71, 72, 73, 74, 75, 76, 78, 80, 81, 82, 83, 84, 86, 87, 88, 89, 90, 91, 92, 93, 94, 95, 96, 97, 98, 99, 100, 101, 102, 103, 104, 105, 106, 107, 108
3, 2, 0, 7, 95, 90, 107, 41, 103, 99, 74, 102, 11, 29, 101, 40, 86, 55, 13, 61, 22, 12, 108, 26, 105, 82, 104, 4, 69, 54, 23, 8, 70, 1, 5, 6, 9, 10, 14, 15, 16, 17, 19, 20, 21, 24, 25, 27, 28, 30, 31, 32, 33, 34, 35, 37, 38, 39, 42, 43, 44, 45, 46, 47, 48, 49, 50, 51, 52, 53, 56, 57, 58, 59, 60, 62, 63, 64, 65, 66, 67, 71, 72, 73, 75, 76, 78, 80, 81, 83, 84, 87, 88, 89, 91, 92, 93, 94, 96, 97, 98, 100, 106
4, 2, 0, 55, 61, 23, 25, 7, 8, 99, 38, 63, 54, 5, 29, 86, 3, 22, 95, 82, 10, 6, 108, 105, 13, 70, 41, 40, 67, 11, 1, 9, 12, 14, 15, 16, 17, 19, 20, 21, 24, 26, 27, 28, 30, 31, 32, 33, 34, 35, 37, 39, 42, 43, 44, 45, 46, 47, 48, 49, 50, 51, 52, 53, 56, 57, 58, 59, 60, 62, 64, 65, 66, 69, 71, 72, 73, 74, 75, 76, 78, 80, 81, 83, 84, 87, 88, 89, 90, 91, 92, 93, 94, 96, 97, 98, 100, 101, 102, 103, 104, 106, 107
5, 2, 0, 8, 82, 7, 9, 4, 81, 105, 99, 23, 13, 61, 22, 6, 10, 25, 86, 55, 102, 40, 29, 1, 3, 11, 12, 14, 15, 16, 17, 19, 20, 21, 24, 26, 27, 28, 30, 31, 32, 33, 34, 35, 37, 38, 39, 41, 42, 43, 44, 45, 46, 47, 48, 49, 50, 51, 52, 53, 54, 56, 57, 58, 59, 60, 62, 63, 64, 65, 66, 67, 69, 70, 71, 72, 73, 74, 75, 76, 78, 80, 83, 84, 87, 88, 89, 90, 91, 92, 93, 94, 95, 96, 97, 98, 100, 101, 103, 104, 106, 107, 108
6, 2, 0, 66, 61, 70, 8, 25, 63, 99, 9, 22, 4, 82, 106, 23, 108, 3, 5, 41, 105, 65, 27, 43, 11, 13, 54, 52, 100, 1, 7, 10, 12, 14, 15, 16, 17, 19, 20, 21, 24, 26, 28, 29, 30, 31, 32, 33, 34, 35, 37, 38, 39, 40, 42, 44, 45, 46, 47, 48, 49, 50, 51, 53, 55, 56, 57, 58, 59, 60, 62, 64, 67, 69, 71, 72, 73, 74, 75, 76, 78, 80, 81, 83, 84, 86, 87, 88, 89, 90, 91, 92, 93, 94, 95, 96, 97, 98, 101, 102, 103, 104, 107
7, 2, 86, 0, 61, 5, 105, 23, 29, 41, 4, 22, 69, 98, 3, 9, 8, 90, 1, 6, 10, 11, 12, 13, 14, 15, 16, 17, 19, 20, 21, 24, 25, 26, 27, 28, 30, 31, 32, 33, 34, 35, 37, 38, 39, 40, 42, 43, 44, 45, 46, 47, 48, 49, 50, 51, 52, 53, 54, 55, 56, 57, 58, 59, 60, 62, 63, 64, 65, 66, 67, 70, 71, 72, 73, 74, 75, 76, 78, 80, 81, 82, 83, 84, 87, 88, 89, 91, 92, 93, 94, 95, 96, 97, 99, 100, 101, 102, 103, 104, 106, 107, 108
8, 9, 70, 0, 25, 12, 13, 82, 63, 102, 84, 57, 22, 41, 95, 26, 61, 64, 90, 29, 104, 23, 40, 11, 10, 58, 86, 5, 99, 67, 42, 16, 44, 52, 15, 2, 69, 54, 27, 65, 50, 28, 108, 55, 24, 88, 14, 91, 62, 60, 105, 30, 46, 3, 53, 34, 56, 106, 66, 4, 97, 76, 35, 83, 43, 38, 93, 100, 47, 101, 81, 20, 17, 6, 71, 73, 107, 7, 19, 103, 33, 59, 45, 89, 37, 31, 1, 21, 32, 39, 48, 49, 51, 72, 74, 75, 78, 80, 87, 92, 94, 96, 98
9, 8, 0, 23, 34, 12, 22, 57, 61, 13, 11, 84, 40, 101, 54, 60, 82, 70, 53, 30, 41, 10, 33, 63, 90, 29, 67, 20, 105, 25, 15, 86, 5, 104, 58, 71, 27, 62, 69, 43, 81, 108, 2, 50, 14, 38, 24, 26, 55, 98, 103, 99, 88, 52, 28, 17, 64, 91, 83, 102, 97, 56, 6, 35, 65, 106, 73, 49, 89, 76, 107, 72, 16, 3, 96, 51, 42, 95, 46, 1, 4, 7, 19, 21, 31, 32, 37, 39, 44, 45, 47, 48, 59, 66, 74, 75, 78, 80, 87, 92, 93, 94, 100
10, 33, 84, 34, 0, 86, 53, 61, 13, 25, 29, 15, 8, 99, 22, 9, 17, 11, 12, 46, 47, 104, 28, 69, 16, 54, 70, 40, 23, 57, 2, 67, 105, 41, 81, 7, 82, 5, 91, 106, 90, 4, 27, 30, 108, 26, 60, 65, 24, 50, 52, 56, 44, 83, 55, 43, 62, 107, 95, 38, 64, 63, 31, 97, 1, 3, 6, 14, 19, 20, 21, 32, 35, 37, 39, 42, 45, 48, 49, 51, 58, 59, 66, 71, 72, 73, 74, 75, 76, 78, 80, 87, 88, 89, 92, 93, 94, 96, 98, 100, 101, 102, 103
11, 43, 0, 46, 10, 13, 61, 84, 64, 50, 29, 22, 25, 15, 70, 17, 82, 16, 30, 83, 23, 34, 9, 69, 53, 38, 14, 2, 8, 62, 57, 97, 41, 27, 33, 47, 52, 12, 60, 24, 90, 86, 67, 55, 1, 54, 32, 81, 108, 95, 26, 96, 40, 28, 91, 106, 88, 102, 105, 35, 104, 37, 98, 20, 89, 44, 65, 72, 42, 58, 3, 51, 80, 99, 71, 73, 101, 107, 92, 6, 66, 4, 5, 7, 19, 21, 31, 39, 45, 48, 49, 56, 59, 63, 74, 75, 76, 78, 87, 93, 94, 100, 103
12, 0, 41, 8, 29, 11, 34, 10, 60, 61, 9, 90, 84, 40, 22, 70, 2, 13, 104, 55, 47, 69, 17, 64, 57, 67, 102, 24, 30, 63, 25, 54, 53, 88, 35, 46, 15, 50, 62, 28, 27, 44, 26, 97, 37, 58, 105, 99, 65, 23, 32, 43, 108, 56, 52, 101, 91, 100, 82, 73, 16, 6, 81, 5, 83, 106, 38, 3, 31, 72, 89, 33, 107, 1, 4, 7, 14, 19, 20, 21, 39, 42, 45, 48, 49, 51, 59, 66, 71, 74, 75, 76, 78, 80, 86, 87, 92, 93, 94, 95, 96, 98, 103
13, 91, 2, 0, 35, 64, 89, 53, 29, 67, 11, 22, 8, 61, 58, 69, 62, 12, 88, 37, 82, 84, 30, 57, 38, 27, 16, 43, 44, 70, 86, 55, 108, 52, 92, 9, 23, 50, 90, 42, 10, 15, 97, 28, 40, 46, 54, 25, 26, 41, 81, 102, 105, 100, 60, 31, 3, 83, 101, 78, 34, 65, 14, 76, 104, 66, 4, 24, 103, 63, 106, 47, 51, 99, 17, 6, 7, 1, 5, 33, 107, 32, 95, 19, 20, 21, 39, 45, 48, 49, 56, 59, 71, 72, 73, 74, 75, 80, 87, 93, 94, 96, 98
14, 0, 1, 2, 3, 4, 5, 6, 7, 8, 9, 10, 11, 12, 13, 15, 16, 17, 19, 20, 21, 22, 23, 24, 25, 26, 27, 28, 29, 30, 31, 32, 33, 34, 35, 37, 38, 39, 40, 41, 42, 43, 44, 45, 46, 47, 48, 49, 50, 51, 52, 53, 54, 55, 56, 57, 58, 59, 60, 61, 62, 63, 64, 65, 66, 67, 69, 70, 71, 72, 73, 74, 75, 76, 78, 80, 81, 82, 83, 84, 86, 87, 88, 89, 90, 91, 92, 93, 94, 95, 96, 97, 98, 99, 100, 101, 102, 103, 104, 105, 106, 107, 108
15, 17, 0, 108, 67, 13, 62, 46, 11, 83, 2, 31, 23, 86, 70, 84, 22, 82, 8, 29, 26, 90, 9, 12, 16, 57, 69, 104, 25, 50, 91, 53, 52, 10, 27, 61, 54, 95, 30, 60, 24, 97, 43, 35, 105, 55, 72, 81, 37, 89, 65, 20, 102, 98, 41, 32, 42, 44, 101, 71, 40, 1, 3, 4, 5, 6, 7, 14, 19, 21, 28, 33, 34, 38, 39, 45, 47, 48, 49, 51, 56, 58, 59, 63, 64, 66, 73, 74, 75, 76, 78, 80, 87, 88, 92, 93, 94, 96, 99, 100, 103, 106, 107
16, 17, 0, 11, 55, 61, 13, 22, 46, 90, 52, 83, 62, 50, 29, 69, 30, 15, 8, 81, 70, 72, 97, 12, 9, 67, 84, 26, 89, 86, 82, 2, 60, 27, 10, 108, 38, 25, 53, 41, 57, 43, 35, 71, 23, 105, 44, 54, 102, 104, 107, 95, 64, 24, 40, 1, 3, 4, 5, 6, 7, 14, 19, 20, 21, 28, 31, 32, 33, 34, 37, 39, 42, 45, 47, 48, 49, 51, 56, 58, 59, 63, 65, 66, 73, 74, 75, 76, 78, 80, 87, 88, 91, 92, 93, 94, 96, 98, 99, 100, 101, 103, 106
17, 16, 0, 64, 72, 83, 11, 46, 86, 15, 84, 70, 23, 61, 90, 26, 22, 97, 69, 30, 2, 62, 27, 91, 67, 81, 95, 29, 50, 32, 12, 57, 107, 9, 10, 53, 35, 40, 82, 8, 31, 25, 13, 43, 104, 20, 54, 52, 60, 108, 41, 101, 105, 98, 24, 34, 88, 44, 55, 38, 65, 1, 3, 4, 5, 6, 7, 14, 19, 21, 28, 33, 37, 39, 42, 45, 47, 48, 49, 51, 56, 58, 59, 63, 66, 71, 73, 74, 75, 76, 78, 80, 87, 89, 92, 93, 94, 96, 99, 100, 102, 103, 106
19, 30, 8, 54, 0, 70, 84, 62, 26, 12, 1, 2, 3, 4, 5, 6, 7, 9, 10, 11, 13, 14, 15, 16, 17, 20, 21, 22, 23, 24, 25, 27, 28, 29, 31, 32, 33, 34, 35, 37, 38, 39, 40, 41, 42, 43, 44, 45, 46, 47, 48, 49, 50, 51, 52, 53, 55, 56, 57, 58, 59, 60, 61, 63, 64, 65, 66, 67, 69, 71, 72, 73, 74, 75, 76, 78, 80, 81, 82, 83, 86, 87, 88, 89, 90, 91, 92, 93, 94, 95, 96, 97, 98, 99, 100, 101, 102, 103, 104, 105, 106, 107, 108
20, 61, 69, 84, 9, 11, 27, 0, 8, 12, 29, 15, 82, 35, 2, 46, 57, 16, 53, 25, 17, 23, 30, 60, 31, 1, 3, 4, 5, 6, 7, 10, 13, 14, 19, 21, 22, 24, 26, 28, 32, 33, 34, 37, 38, 39, 40, 41, 42, 43, 44, 45, 47, 48, 49, 50, 51, 52, 54, 55, 56, 58, 59, 62, 63, 64, 65, 66, 67, 70, 71, 72, 73, 74, 75, 76, 78, 80, 81, 83, 86, 87, 88, 89, 90, 91, 92, 93, 94, 95, 96, 97, 98, 99, 100, 101, 102, 103, 104, 105, 106, 107, 108
21, 107, 0, 1, 2, 3, 4, 5, 6, 7, 8, 9, 10, 11, 12, 13, 14, 15, 16, 17, 19, 20, 22, 23, 24, 25, 26, 27, 28, 29, 30, 31, 32, 33, 34, 35, 37, 38, 39, 40, 41, 42, 43, 44, 45, 46, 47, 48, 49, 50, 51, 52, 53, 54, 55, 56, 57, 58, 59, 60, 61, 62, 63, 64, 65, 66, 67, 69, 70, 71, 72, 73, 74, 75, 76, 78, 80, 81, 82, 83, 84, 86, 87, 88, 89, 90, 91, 92, 93, 94, 95, 96, 97, 98, 99, 100, 101, 102, 103, 104, 105, 106, 108
22, 0, 61, 29, 84, 82, 13, 69, 107, 25, 11, 57, 70, 67, 8, 86, 40, 30, 62, 54, 90, 35, 9, 58, 60, 41, 108, 27, 53, 105, 64, 16, 55, 81, 106, 102, 23, 104, 50, 15, 26, 10, 38, 97, 83, 52, 99, 12, 28, 91, 88, 63, 3, 2, 98, 34, 46, 101, 24, 65, 71, 42, 17, 43, 32, 1, 44, 5, 56, 51, 14, 95, 37, 31, 74, 73, 4, 33, 89, 6, 75, 100, 103, 59, 96, 72, 80, 21, 20, 45, 76, 47, 7, 92, 19, 39, 48, 49, 66, 78, 87, 93, 94
23, 24, 17, 0, 25, 2, 29, 46, 34, 47, 31, 61, 22, 13, 15, 16, 84, 81, 11, 57, 20, 30, 82, 8, 97, 26, 33, 69, 43, 86, 90, 70, 108, 10, 53, 9, 65, 95, 27, 12, 14, 67, 98, 91, 102, 35, 28, 88, 44, 64, 62, 38, 52, 80, 89, 60, 54, 58, 83, 107, 99, 50, 55, 1, 5, 105, 37, 104, 4, 96, 41, 49, 3, 6, 7, 19, 21, 32, 39, 40, 42, 45, 48, 51, 56, 59, 63, 66, 71, 72, 73, 74, 75, 76, 78, 87, 92, 93, 94, 100, 101, 103, 106
24, 23, 2, 29, 63, 0, 34, 27, 104, 61, 25, 38, 22, 70, 9, 88, 101, 41, 55, 8, 26, 13, 50, 97, 52, 54, 30, 47, 108, 84, 11, 43, 1, 3, 4, 5, 6, 7, 10, 12, 14, 15, 16, 17, 19, 20, 21, 28, 31, 32, 33, 35, 37, 39, 40, 42, 44, 45, 46, 48, 49, 51, 53, 56, 57, 58, 59, 60, 62, 64, 65, 66, 67, 69, 71, 72, 73, 74, 75, 76, 78, 80, 81, 82, 83, 86, 87, 89, 90, 91, 92, 93, 94, 95, 96, 98, 99, 100, 102, 103, 105, 106, 107
25, 23, 35, 0, 63, 34, 43, 8, 29, 11, 41, 61, 38, 67, 9, 44, 82, 6, 99, 16, 40, 22, 10, 46, 90, 96, 15, 91, 89, 54, 2, 57, 95, 84, 17, 70, 31, 13, 65, 104, 98, 12, 88, 60, 62, 53, 27, 86, 52, 26, 105, 101, 30, 64, 97, 4, 108, 58, 5, 106, 24, 55, 69, 102, 50, 83, 100, 107, 81, 47, 7, 3, 1, 37, 92, 71, 45, 28, 14, 42, 72, 19, 20, 21, 32, 33, 39, 48, 49, 51, 56, 59, 66, 73, 74, 75, 76, 78, 80, 87, 93, 94, 103
26, 50, 0, 1, 2, 3, 4, 5, 6, 7, 8, 9, 10, 11, 12, 13, 14, 15, 16, 17, 19, 20, 21, 22, 23, 24, 25, 27, 28, 29, 30, 31, 32, 33, 34, 35, 37, 38, 39, 40, 41, 42, 43, 44, 45, 46, 47, 48, 49, 51, 52, 53, 54, 55, 56, 57, 58, 59, 60, 61, 62, 63, 64, 65, 66, 67, 69, 70, 71, 72, 73, 74, 75, 76, 78, 80, 81, 82, 83, 84, 86, 87, 88, 89, 90, 91, 92, 93, 94, 95, 96, 97, 98, 99, 100, 101, 102, 103, 104, 105, 106, 107, 108
27, 58, 0, 1, 2, 3, 4, 5, 6, 7, 8, 9, 10, 11, 12, 13, 14, 15, 16, 17, 19, 20, 21, 22, 23, 24, 25, 26, 28, 29, 30, 31, 32, 33, 34, 35, 37, 38, 39, 40, 41, 42, 43, 44, 45, 46, 47, 48, 49, 50, 51, 52, 53, 54, 55, 56, 57, 59, 60, 61, 62, 63, 64, 65, 66, 67, 69, 70, 71, 72, 73, 74, 75, 76, 78, 80, 81, 82, 83, 84, 86, 87, 88, 89, 90, 91, 92, 93, 94, 95, 96, 97, 98, 99, 100, 101, 102, 103, 104, 105, 106, 107, 108
28, 49, 80, 57, 59, 70, 61, 8, 0, 42, 27, 90, 24, 53, 69, 60, 23, 13, 1, 2, 3, 4, 5, 6, 7, 9, 10, 11, 12, 14, 15, 16, 17, 19, 20, 21, 22, 25, 26, 29, 30, 31, 32, 33, 34, 35, 37, 38, 39, 40, 41, 43, 44, 45, 46, 47, 48, 50, 51, 52, 54, 55, 56, 58, 62, 63, 64, 65, 66, 67, 71, 72, 73, 74, 75, 76, 78, 81, 82, 83, 84, 86, 87, 88, 89, 91, 92, 93, 94, 95, 96, 97, 98, 99, 100, 101, 102, 103, 104, 105, 106, 107, 108
29, 46, 24, 0, 34, 30, 61, 13, 22, 11, 70, 84, 8, 41, 53, 69, 102, 62, 57, 108, 10, 90, 72, 44, 54, 82, 47, 23, 67, 97, 50, 25, 40, 91, 2, 15, 7, 55, 9, 60, 105, 58, 12, 86, 64, 17, 52, 16, 27, 35, 43, 95, 104, 26, 99, 38, 88, 106, 14, 45, 107, 31, 56, 83, 3, 81, 33, 101, 51, 103, 100, 32, 5, 71, 28, 98, 19, 4, 75, 59, 1, 96, 63, 20, 65, 89, 80, 42, 49, 6, 73, 37, 21, 39, 48, 66, 74, 76, 78, 87, 92, 93, 94
30, 31, 22, 16, 11, 0, 46, 61, 29, 84, 67, 60, 13, 83, 71, 69, 17, 15, 8, 105, 72, 90, 97, 2, 57, 40, 70, 52, 35, 26, 88, 25, 44, 62, 27, 108, 86, 50, 54, 32, 38, 82, 95, 43, 41, 10, 12, 53, 66, 55, 20, 9, 23, 89, 91, 24, 64, 47, 1, 3, 4, 5, 6, 7, 14, 19, 21, 28, 33, 34, 37, 39, 42, 45, 48, 49, 51, 56, 58, 59, 63, 65, 73, 74, 75, 76, 78, 80, 81, 87, 92, 93, 94, 96, 98, 99, 100, 101, 102, 103, 104, 106, 107
31, 30, 46, 0, 86, 7, 52, 88, 81, 61, 3, 22, 55, 11, 41, 13, 25, 29, 64, 27, 84, 69, 2, 53, 9, 8, 1, 4, 5, 6, 10, 12, 14, 15, 16, 17, 19, 20, 21, 23, 24, 26, 28, 32, 33, 34, 35, 37, 38, 39, 40, 42, 43, 44, 45, 47, 48, 49, 50, 51, 54, 56, 57, 58, 59, 60, 62, 63, 65, 66, 67, 70, 71, 72, 73, 74, 75, 76, 78, 80, 82, 83, 87, 89, 90, 91, 92, 93, 94, 95, 96, 97, 98, 99, 100, 101, 102, 103, 104, 105, 106, 107, 108
32, 72, 0, 11, 29, 15, 62, 108, 53, 90, 17, 12, 97, 2, 30, 16, 50, 13, 26, 107, 55, 61, 22, 46, 69, 57, 84, 25, 10, 1, 3, 4, 5, 6, 7, 8, 9, 14, 19, 20, 21, 23, 24, 27, 28, 31, 33, 34, 35, 37, 38, 39, 40, 41, 42, 43, 44, 45, 47, 48, 49, 51, 52, 54, 56, 58, 59, 60, 63, 64, 65, 66, 67, 70, 71, 73, 74, 75, 76, 78, 80, 81, 82, 83, 86, 87, 88, 89, 91, 92, 93, 94, 95, 96, 98, 99, 100, 101, 102, 103, 104, 105, 106
33, 10, 0, 2, 11, 47, 84, 8, 9, 90, 70, 81, 34, 1, 3, 4, 5, 6, 7, 12, 13, 14, 15, 16, 17, 19, 20, 21, 22, 23, 24, 25, 26, 27, 28, 29, 30, 31, 32, 35, 37, 38, 39, 40, 41, 42, 43, 44, 45, 46, 48, 49, 50, 51, 52, 53, 54, 55, 56, 57, 58, 59, 60, 61, 62, 63, 64, 65, 66, 67, 69, 71, 72, 73, 74, 75, 76, 78, 80, 82, 83, 86, 87, 88, 89, 91, 92, 93, 94, 95, 96, 97, 98, 99, 100, 101, 102, 103, 104, 105, 106, 107, 108
34, 47, 0, 9, 90, 8, 10, 60, 12, 50, 24, 29, 11, 25, 52, 30, 88, 102, 33, 70, 61, 84, 23, 105, 67, 43, 55, 13, 20, 62, 26, 54, 27, 82, 57, 108, 22, 2, 41, 97, 104, 69, 40, 17, 1, 3, 4, 5, 6, 7, 14, 15, 16, 19, 21, 28, 31, 32, 35, 37, 38, 39, 42, 44, 45, 46, 48, 49, 51, 53, 56, 58, 59, 63, 64, 65, 66, 71, 72, 73, 74, 75, 76, 78, 80, 81, 83, 86, 87, 89, 91, 92, 93, 94, 95, 96, 98, 99, 100, 101, 103, 106, 107
35, 89, 0, 88, 28, 46, 67, 61, 20, 15, 16, 9, 12, 82, 17, 60, 41, 37, 84, 11, 57, 62, 86, 58, 55, 52, 22, 2, 72, 53, 29, 25, 13, 23, 30, 97, 102, 10, 32, 83, 70, 24, 27, 54, 90, 1, 3, 4, 5, 6, 7, 8, 14, 19, 21, 26, 31, 33, 34, 38, 39, 40, 42, 43, 44, 45, 47, 48, 49, 50, 51, 56, 59, 63, 64, 65, 66, 69, 71, 73, 74, 75, 76, 78, 80, 81, 87, 91, 92, 93, 94, 95, 96, 98, 99, 100, 101, 103, 104, 105, 106, 107, 108
37, 52, 12, 13, 11, 53, 8, 30, 93, 84, 64, 57, 70, 92, 29, 62, 88, 38, 0, 42, 1, 2, 3, 4, 5, 6, 7, 9, 10, 14, 15, 16, 17, 19, 20, 21, 22, 23, 24, 25, 26, 27, 28, 31, 32, 33, 34, 35, 39, 40, 41, 43, 44, 45, 46, 47, 48, 49, 50, 51, 54, 55, 56, 58, 59, 60, 61, 63, 65, 66, 67, 69, 71, 72, 73, 74, 75, 76, 78, 80, 81, 82, 83, 86, 87, 89, 90, 91, 94, 95, 96, 97, 98, 99, 100, 101, 102, 103, 104, 105, 106, 107, 108
38, 39, 0, 1, 2, 3, 4, 5, 6, 7, 8, 9, 10, 11, 12, 13, 14, 15, 16, 17, 19, 20, 21, 22, 23, 24, 25, 26, 27, 28, 29, 30, 31, 32, 33, 34, 35, 37, 40, 41, 42, 43, 44, 45, 46, 47, 48, 49, 50, 51, 52, 53, 54, 55, 56, 57, 58, 59, 60, 61, 62, 63, 64, 65, 66, 67, 69, 70, 71, 72, 73, 74, 75, 76, 78, 80, 81, 82, 83, 84, 86, 87, 88, 89, 90, 91, 92, 93, 94, 95, 96, 97, 98, 99, 100, 101, 102, 103, 104, 105, 106, 107, 108
39, 38, 0, 1, 2, 3, 4, 5, 6, 7, 8, 9, 10, 11, 12, 13, 14, 15, 16, 17, 19, 20, 21, 22, 23, 24, 25, 26, 27, 28, 29, 30, 31, 32, 33, 34, 35, 37, 40, 41, 42, 43, 44, 45, 46, 47, 48, 49, 50, 51, 52, 53, 54, 55, 56, 57, 58, 59, 60, 61, 62, 63, 64, 65, 66, 67, 69, 70, 71, 72, 73, 74, 75, 76, 78, 80, 81, 82, 83, 84, 86, 87, 88, 89, 90, 91, 92, 93, 94, 95, 96, 97, 98, 99, 100, 101, 102, 103, 104, 105, 106, 107, 108
40, 2, 41, 99, 84, 0, 95, 82, 3, 54, 61, 105, 64, 9, 50, 69, 12, 67, 29, 26, 57, 55, 70, 86, 22, 104, 106, 53, 13, 8, 10, 30, 62, 90, 60, 102, 108, 52, 24, 25, 16, 34, 91, 63, 97, 11, 83, 5, 6, 100, 23, 101, 27, 65, 43, 28, 38, 19, 51, 47, 58, 4, 81, 88, 7, 71, 66, 96, 1, 14, 15, 17, 20, 21, 31, 32, 33, 35, 37, 39, 42, 44, 45, 46, 48, 49, 56, 59, 72, 73, 74, 75, 76, 78, 80, 87, 89, 92, 93, 94, 98, 103, 107
41, 2, 40, 84, 0, 62, 50, 54, 100, 3, 61, 27, 106, 29, 56, 14, 25, 83, 15, 60, 13, 90, 82, 22, 63, 9, 8, 99, 16, 11, 105, 70, 24, 57, 30, 86, 104, 107, 52, 38, 108, 97, 102, 69, 23, 67, 35, 53, 12, 64, 34, 26, 103, 95, 55, 65, 43, 10, 58, 91, 101, 6, 42, 71, 98, 47, 19, 28, 66, 17, 72, 21, 46, 1, 4, 5, 7, 20, 31, 32, 33, 37, 39, 44, 45, 48, 49, 51, 59, 73, 74, 75, 76, 78, 80, 81, 87, 88, 89, 92, 93, 94, 96
42, 92, 94, 28, 0, 1, 2, 3, 4, 5, 6, 7, 8, 9, 10, 11, 12, 13, 14, 15, 16, 17, 19, 20, 21, 22, 23, 24, 25, 26, 27, 29, 30, 31, 32, 33, 34, 35, 37, 38, 39, 40, 41, 43, 44, 45, 46, 47, 48, 49, 50, 51, 52, 53, 54, 55, 56, 57, 58, 59, 60, 61, 62, 63, 64, 65, 66, 67, 69, 70, 71, 72, 73, 74, 75, 76, 78, 80, 81, 82, 83, 84, 86, 87, 88, 89, 90, 91, 93, 95, 96, 97, 98, 99, 100, 101, 102, 103, 104, 105, 106, 107, 108
43, 11, 12, 0, 40, 23, 102, 62, 66, 67, 13, 8, 86, 27, 9, 69, 22, 2, 26, 57, 38, 50, 108, 91, 30, 71, 46, 84, 25, 55, 15, 83, 16, 54, 53, 10, 65, 29, 64, 97, 90, 17, 41, 82, 60, 34, 61, 47, 1, 24, 88, 105, 101, 70, 95, 20, 31, 3, 4, 5, 6, 7, 14, 19, 21, 28, 32, 33, 35, 37, 39, 42, 44, 45, 48, 49, 51, 52, 56, 58, 59, 63, 72, 73, 74, 75, 76, 78, 80, 81, 87, 89, 92, 93, 94, 96, 98, 99, 100, 103, 104, 106, 107
44, 45, 16, 0, 25, 46, 50, 11, 17, 12, 13, 8, 29, 91, 53, 15, 10, 30, 22, 69, 86, 84, 38, 64, 88, 1, 2, 3, 4, 5, 6, 7, 9, 14, 19, 20, 21, 23, 24, 26, 27, 28, 31, 32, 33, 34, 35, 37, 39, 40, 41, 42, 43, 47, 48, 49, 51, 52, 54, 55, 56, 57, 58, 59, 60, 61, 62, 63, 65, 66, 67, 70, 71, 72, 73, 74, 75, 76, 78, 80, 81, 82, 83, 87, 89, 90, 92, 93, 94, 95, 96, 97, 98, 99, 100, 101, 102, 103, 104, 105, 106, 107, 108
45, 44, 0, 22, 25, 29, 15, 1, 2, 3, 4, 5, 6, 7, 8, 9, 10, 11, 12, 13, 14, 16, 17, 19, 20, 21, 23, 24, 26, 27, 28, 30, 31, 32, 33, 34, 35, 37, 38, 39, 40, 41, 42, 43, 46, 47, 48, 49, 50, 51, 52, 53, 54, 55, 56, 57, 58, 59, 60, 61, 62, 63, 64, 65, 66, 67, 69, 70, 71, 72, 73, 74, 75, 76, 78, 80, 81, 82, 83, 84, 86, 87, 88, 89, 90, 91, 92, 93, 94, 95, 96, 97, 98, 99, 100, 101, 102, 103, 104, 105, 106, 107, 108
46, 31, 0, 16, 15, 12, 11, 83, 90, 84, 17, 8, 72, 91, 69, 10, 22, 61, 29, 2, 67, 41, 70, 62, 26, 13, 107, 25, 27, 52, 97, 104, 53, 57, 32, 108, 55, 20, 9, 30, 82, 59, 95, 71, 102, 50, 43, 54, 60, 35, 49, 1, 3, 4, 5, 6, 7, 14, 19, 21, 23, 24, 28, 33, 34, 37, 38, 39, 40, 42, 44, 45, 47, 48, 51, 56, 58, 63, 64, 65, 66, 73, 74, 75, 76, 78, 80, 81, 86, 87, 88, 89, 92, 93, 94, 96, 98, 99, 100, 101, 103, 105, 106
47, 34, 0, 11, 1, 105, 33, 8, 90, 25, 61, 10, 70, 69, 30, 12, 84, 9, 23, 54, 106, 29, 66, 52, 13, 43, 102, 24, 22, 26, 67, 86, 60, 99, 108, 62, 57, 81, 104, 2, 50, 41, 91, 55, 101, 88, 3, 4, 5, 6, 7, 14, 15, 16, 17, 19, 20, 21, 27, 28, 31, 32, 35, 37, 38, 39, 40, 42, 44, 45, 46, 48, 49, 51, 53, 56, 58, 59, 63, 64, 65, 71, 72, 73, 74, 75, 76, 78, 80, 82, 83, 87, 89, 92, 93, 94, 95, 96, 97, 98, 100, 103, 107
48, 21, 0, 58, 99, 41, 70, 2, 1, 3, 4, 5, 6, 7, 8, 9, 10, 11, 12, 13, 14, 15, 16, 17, 19, 20, 22, 23, 24, 25, 26, 27, 28, 29, 30, 31, 32, 33, 34, 35, 37, 38, 39, 40, 42, 43, 44, 45, 46, 47, 49, 50, 51, 52, 53, 54, 55, 56, 57, 59, 60, 61, 62, 63, 64, 65, 66, 67, 69, 71, 72, 73, 74, 75, 76, 78, 80, 81, 82, 83, 84, 86, 87, 88, 89, 90, 91, 92, 93, 94, 95, 96, 97, 98, 100, 101, 102, 103, 104, 105, 106, 107, 108
49, 28, 64, 30, 8, 0, 58, 70, 9, 50, 29, 53, 1, 2, 3, 4, 5, 6, 7, 10, 11, 12, 13, 14, 15, 16, 17, 19, 20, 21, 22, 23, 24, 25, 26, 27, 31, 32, 33, 34, 35, 37, 38, 39, 40, 41, 42, 43, 44, 45, 46, 47, 48, 51, 52, 54, 55, 56, 57, 59, 60, 61, 62, 63, 65, 66, 67, 69, 71, 72, 73, 74, 75, 76, 78, 80, 81, 82, 83, 84, 86, 87, 88, 89, 90, 91, 92, 93, 94, 95, 96, 97, 98, 99, 100, 101, 102, 103, 104, 105, 106, 107, 108
50, 97, 26, 52, 0, 95, 53, 16, 35, 25, 41, 22, 13, 17, 89, 64, 8, 21, 102, 2, 14, 61, 40, 11, 54, 91, 29, 23, 88, 84, 72, 9, 73, 28, 70, 86, 38, 43, 5, 46, 42, 69, 27, 49, 101, 30, 55, 106, 104, 1, 3, 4, 6, 7, 10, 12, 15, 19, 20, 24, 31, 32, 33, 34, 37, 39, 44, 45, 47, 48, 51, 56, 57, 58, 59, 60, 62, 63, 65, 66, 67, 71, 74, 75, 76, 78, 80, 81, 82, 83, 87, 90, 92, 93, 94, 96, 98, 99, 100, 103, 105, 107, 108
51, 26, 29, 61, 86, 0, 27, 84, 54, 22, 62, 97, 11, 90, 41, 52, 53, 38, 2, 73, 28, 108, 55, 102, 67, 57, 12, 40, 64, 59, 101, 69, 82, 9, 58, 13, 70, 1, 3, 4, 5, 6, 7, 8, 10, 14, 15, 16, 17, 19, 20, 21, 23, 24, 25, 30, 31, 32, 33, 34, 35, 37, 39, 42, 43, 44, 45, 46, 47, 48, 49, 50, 56, 60, 63, 65, 66, 71, 72, 74, 75, 76, 78, 80, 81, 83, 87, 88, 89, 91, 92, 93, 94, 95, 96, 98, 99, 100, 103, 104, 105, 106, 107
52, 26, 50, 60, 0, 61, 64, 73, 53, 13, 86, 9, 88, 70, 11, 27, 35, 69, 57, 31, 22, 34, 66, 49, 84, 91, 65, 28, 62, 40, 41, 90, 42, 38, 30, 8, 54, 55, 23, 10, 25, 2, 105, 63, 24, 47, 6, 102, 67, 82, 108, 95, 51, 58, 16, 71, 17, 104, 29, 12, 37, 97, 99, 106, 89, 92, 44, 46, 101, 1, 3, 4, 5, 7, 14, 15, 19, 20, 21, 32, 33, 39, 43, 45, 48, 56, 59, 72, 74, 75, 76, 78, 80, 81, 83, 87, 93, 94, 96, 98, 100, 103, 107
53, 26, 97, 0, 13, 82, 70, 35, 40, 22, 52, 37, 38, 61, 11, 29, 84, 55, 50, 9, 27, 8, 57, 86, 30, 62, 67, 88, 64, 23, 91, 44, 10, 28, 15, 25, 89, 69, 17, 31, 16, 83, 2, 90, 43, 32, 54, 108, 99, 60, 41, 12, 46, 104, 58, 49, 80, 72, 51, 96, 81, 106, 105, 24, 102, 71, 65, 95, 101, 34, 1, 3, 4, 5, 6, 7, 14, 19, 20, 21, 33, 39, 42, 45, 47, 48, 56, 59, 63, 66, 73, 74, 75, 76, 78, 87, 92, 93, 94, 98, 100, 103, 107
54, 2, 90, 0, 99, 61, 40, 41, 8, 102, 104, 23, 9, 70, 55, 22, 11, 29, 84, 105, 13, 107, 60, 82, 12, 96, 67, 69, 86, 97, 108, 57, 106, 63, 25, 95, 26, 15, 34, 5, 43, 50, 83, 19, 10, 62, 101, 17, 24, 4, 30, 3, 14, 16, 27, 91, 56, 64, 53, 7, 6, 42, 65, 66, 52, 46, 71, 21, 38, 31, 88, 35, 47, 100, 81, 58, 28, 59, 48, 32, 103, 98, 51, 1, 20, 33, 37, 39, 44, 45, 49, 72, 73, 74, 75, 76, 78, 80, 87, 89, 92, 93, 94
55, 0, 61, 13, 22, 54, 4, 70, 53, 29, 40, 86, 11, 82, 8, 41, 9, 57, 83, 84, 62, 104, 67, 69, 12, 30, 24, 26, 90, 105, 16, 38, 50, 27, 72, 52, 25, 2, 102, 108, 64, 60, 106, 91, 63, 43, 34, 56, 10, 5, 97, 95, 58, 3, 99, 51, 23, 81, 32, 15, 14, 17, 73, 31, 35, 65, 75, 46, 101, 20, 6, 66, 37, 88, 107, 96, 47, 7, 98, 89, 28, 1, 19, 21, 33, 39, 42, 44, 45, 48, 49, 59, 71, 74, 76, 78, 80, 87, 92, 93, 94, 100, 103
56, 0, 1, 2, 3, 4, 5, 6, 7, 8, 9, 10, 11, 12, 13, 14, 15, 16, 17, 19, 20, 21, 22, 23, 24, 25, 26, 27, 28, 29, 30, 31, 32, 33, 34, 35, 37, 38, 39, 40, 41, 42, 43, 44, 45, 46, 47, 48, 49, 50, 51, 52, 53, 54, 55, 57, 58, 59, 60, 61, 62, 63, 64, 65, 66, 67, 69, 70, 71, 72, 73, 74, 75, 76, 78, 80, 81, 82, 83, 84, 86, 87, 88, 89, 90, 91, 92, 93, 94, 95, 96, 97, 98, 99, 100, 101, 102, 103, 104, 105, 106, 107, 108
57, 0, 3, 107, 40, 70, 90, 82, 22, 69, 84, 62, 29, 54, 108, 64, 38, 67, 86, 61, 8, 106, 13, 105, 9, 53, 96, 50, 104, 91, 25, 11, 83, 30, 102, 81, 72, 26, 27, 41, 23, 14, 97, 98, 10, 99, 2, 55, 28, 12, 15, 16, 58, 17, 101, 52, 71, 95, 60, 88, 7, 4, 44, 43, 49, 65, 20, 46, 24, 63, 51, 35, 34, 33, 56, 100, 32, 73, 47, 5, 66, 6, 31, 42, 21, 78, 37, 1, 19, 39, 45, 48, 59, 74, 75, 76, 80, 87, 89, 92, 93, 94, 103
58, 27, 70, 0, 13, 29, 49, 61, 62, 22, 8, 40, 64, 14, 82, 86, 54, 80, 41, 69, 53, 48, 73, 30, 106, 52, 90, 9, 26, 50, 2, 108, 84, 34, 67, 38, 105, 55, 104, 57, 99, 60, 59, 65, 25, 10, 12, 91, 35, 102, 11, 88, 1, 3, 4, 5, 6, 7, 15, 16, 17, 19, 20, 21, 23, 24, 28, 31, 32, 33, 37, 39, 42, 43, 44, 45, 46, 47, 51, 56, 63, 66, 71, 72, 74, 75, 76, 78, 81, 83, 87, 89, 92, 93, 94, 95, 96, 97, 98, 100, 101, 103, 107
59, 49, 80, 28, 62, 8, 69, 0, 11, 2, 50, 22, 70, 84, 27, 42, 60, 52, 88, 1, 3, 4, 5, 6, 7, 9, 10, 12, 13, 14, 15, 16, 17, 19, 20, 21, 23, 24, 25, 26, 29, 30, 31, 32, 33, 34, 35, 37, 38, 39, 40, 41, 43, 44, 45, 46, 47, 48, 51, 53, 54, 55, 56, 57, 58, 61, 63, 64, 65, 66, 67, 71, 72, 73, 74, 75, 76, 78, 81, 82, 83, 86, 87, 89, 90, 91, 92, 93, 94, 95, 96, 97, 98, 99, 100, 101, 102, 103, 104, 105, 106, 107, 108
60, 27, 91, 0, 13, 52, 35, 70, 73, 11, 84, 9, 90, 22, 29, 30, 88, 99, 95, 53, 41, 57, 67, 15, 62, 50, 25, 23, 12, 104, 40, 108, 26, 8, 106, 58, 24, 61, 69, 16, 71, 86, 97, 64, 82, 2, 102, 17, 65, 55, 10, 89, 101, 38, 83, 28, 66, 43, 47, 63, 54, 105, 46, 34, 81, 32, 44, 31, 98, 20, 37, 45, 6, 72, 1, 3, 4, 5, 7, 14, 19, 21, 33, 39, 42, 48, 49, 51, 56, 59, 74, 75, 76, 78, 80, 87, 92, 93, 94, 96, 100, 103, 107
61, 58, 0, 22, 82, 70, 29, 84, 11, 69, 13, 40, 8, 90, 104, 57, 54, 67, 10, 86, 9, 41, 35, 12, 108, 23, 53, 102, 100, 38, 30, 55, 64, 52, 25, 83, 105, 99, 89, 97, 88, 16, 4, 50, 2, 3, 27, 106, 26, 34, 63, 24, 6, 51, 101, 81, 43, 7, 5, 17, 14, 56, 31, 103, 44, 47, 91, 96, 28, 15, 71, 46, 76, 73, 65, 95, 62, 21, 75, 20, 1, 33, 98, 78, 37, 107, 42, 74, 60, 72, 32, 49, 92, 19, 39, 45, 48, 59, 66, 80, 87, 93, 94
62, 27, 17, 0, 58, 52, 82, 41, 53, 84, 61, 22, 90, 57, 97, 16, 73, 2, 29, 11, 8, 83, 88, 72, 105, 40, 69, 81, 54, 70, 43, 25, 6, 15, 67, 64, 9, 13, 60, 102, 55, 12, 91, 35, 1, 23, 26, 10, 104, 50, 65, 108, 63, 106, 48, 32, 86, 95, 30, 46, 101, 3, 24, 31, 34, 96, 49, 71, 99, 28, 38, 44, 89, 42, 37, 51, 92, 66, 4, 5, 7, 14, 19, 20, 21, 33, 39, 45, 47, 56, 59, 74, 75, 76, 78, 80, 87, 93, 94, 98, 100, 103, 107
63, 0, 24, 41, 25, 4, 65, 22, 23, 6, 88, 61, 8, 90, 55, 82, 43, 10, 54, 40, 3, 104, 108, 9, 29, 5, 27, 70, 71, 13, 11, 57, 67, 12, 99, 105, 60, 62, 1, 2, 7, 14, 15, 16, 17, 19, 20, 21, 26, 28, 30, 31, 32, 33, 34, 35, 37, 38, 39, 42, 44, 45, 46, 47, 48, 49, 50, 51, 52, 53, 56, 58, 59, 64, 66, 69, 72, 73, 74, 75, 76, 78, 80, 81, 83, 84, 86, 87, 89, 91, 92, 93, 94, 95, 96, 97, 98, 100, 101, 102, 103, 106, 107
64, 26, 96, 91, 0, 28, 13, 8, 70, 29, 61, 40, 11, 22, 69, 84, 86, 82, 53, 50, 97, 67, 90, 108, 23, 38, 9, 55, 57, 52, 27, 62, 25, 41, 30, 12, 83, 24, 81, 15, 16, 104, 105, 88, 60, 99, 106, 2, 63, 54, 98, 42, 10, 17, 58, 51, 93, 89, 31, 65, 80, 102, 73, 43, 49, 101, 37, 21, 35, 46, 66, 47, 1, 3, 4, 5, 6, 7, 14, 19, 20, 32, 33, 34, 39, 44, 45, 48, 56, 59, 71, 72, 74, 75, 76, 78, 87, 92, 94, 95, 100, 103, 107
65, 0, 26, 11, 63, 84, 53, 70, 40, 8, 69, 97, 24, 61, 30, 43, 57, 23, 54, 22, 13, 60, 90, 41, 108, 16, 10, 2, 29, 67, 9, 52, 104, 91, 15, 6, 71, 105, 81, 50, 62, 27, 25, 17, 86, 92, 28, 82, 99, 93, 106, 88, 64, 1, 3, 4, 5, 7, 12, 14, 19, 20, 21, 31, 32, 33, 34, 35, 37, 38, 39, 42, 44, 45, 46, 47, 48, 49, 51, 55, 56, 58, 59, 66, 72, 73, 74, 75, 76, 78, 80, 83, 87, 89, 94, 95, 96, 98, 100, 101, 102, 103, 107
66, 11, 43, 24, 99, 69, 0, 90, 29, 13, 27, 41, 40, 8, 64, 30, 6, 52, 50, 34, 22, 53, 60, 12, 108, 9, 84, 67, 61, 65, 1, 2, 3, 4, 5, 7, 10, 14, 15, 16, 17, 19, 20, 21, 23, 25, 26, 28, 31, 32, 33, 35, 37, 38, 39, 42, 44, 45, 46, 47, 48, 49, 51, 54, 55, 56, 57, 58, 59, 62, 63, 70, 71, 72, 73, 74, 75, 76, 78, 80, 81, 82, 83, 86, 87, 88, 89, 91, 92, 93, 94, 95, 96, 97, 98, 100, 101, 102, 103, 104, 105, 106, 107
67, 17, 0, 22, 61, 43, 70, 57, 13, 29, 11, 8, 69, 41, 54, 84, 105, 82, 40, 9, 66, 53, 86, 30, 25, 108, 90, 62, 52, 15, 64, 27, 97, 55, 50, 10, 12, 38, 102, 23, 107, 104, 60, 91, 106, 46, 83, 88, 99, 14, 34, 2, 26, 58, 35, 47, 51, 16, 24, 103, 45, 71, 101, 81, 28, 95, 75, 73, 80, 3, 65, 78, 100, 63, 44, 96, 98, 21, 1, 31, 4, 89, 5, 72, 42, 33, 37, 19, 20, 76, 49, 56, 32, 6, 7, 39, 48, 59, 74, 87, 92, 93, 94
68, 0, 1, 2, 3, 4, 5, 6, 7, 8, 9, 10, 11, 12, 13, 14, 15, 16, 17, 19, 20, 21, 22, 23, 24, 25, 26, 27, 28, 29, 30, 31, 32, 33, 34, 35, 37, 38, 39, 40, 41, 42, 43, 44, 45, 46, 47, 48, 49, 50, 51, 52, 53, 54, 55, 56, 57, 58, 59, 60, 61, 62, 63, 64, 65, 66, 67, 69, 70, 71, 72, 73, 74, 75, 76, 78, 80, 81, 82, 83, 84, 86, 87, 88, 89, 90, 91, 92, 93, 94, 95, 96, 97, 98, 99, 100, 101, 102, 103, 104, 105, 106, 107, 108
69, 96, 0, 107, 57, 22, 84, 11, 13, 82, 86, 61, 54, 40, 29, 70, 53, 62, 41, 67, 16, 8, 97, 12, 30, 108, 31, 43, 10, 104, 90, 105, 23, 9, 27, 2, 55, 58, 64, 50, 46, 20, 106, 88, 52, 91, 17, 26, 83, 102, 60, 38, 51, 99, 15, 35, 98, 81, 25, 28, 71, 101, 14, 76, 89, 65, 44, 95, 7, 72, 73, 48, 66, 32, 47, 42, 3, 21, 49, 24, 34, 80, 6, 63, 56, 45, 1, 4, 5, 19, 33, 37, 39, 59, 74, 75, 78, 87, 92, 93, 94, 100, 103
70, 71, 0, 75, 8, 58, 27, 89, 41, 61, 13, 37, 40, 102, 30, 28, 16, 57, 84, 11, 22, 10, 67, 29, 82, 97, 62, 60, 15, 104, 56, 9, 69, 86, 55, 101, 54, 23, 38, 90, 25, 52, 35, 108, 19, 95, 83, 53, 14, 50, 26, 64, 17, 6, 3, 81, 99, 2, 106, 105, 91, 100, 24, 46, 72, 93, 63, 34, 43, 76, 12, 42, 21, 98, 20, 4, 88, 1, 5, 7, 31, 32, 33, 39, 44, 45, 47, 48, 49, 51, 59, 65, 66, 73, 74, 78, 80, 87, 92, 94, 96, 103, 107
71, 70, 0, 9, 78, 43, 103, 2, 63, 8, 98, 86, 25, 82, 107, 69, 100, 83, 104, 23, 90, 61, 4, 30, 26, 22, 72, 29, 11, 15, 13, 27, 67, 12, 16, 53, 57, 97, 56, 65, 34, 17, 54, 40, 52, 62, 106, 108, 55, 105, 50, 64, 41, 60, 1, 3, 5, 6, 7, 10, 14, 19, 20, 21, 24, 28, 31, 32, 33, 35, 37, 38, 39, 42, 44, 45, 46, 47, 48, 49, 51, 58, 59, 66, 73, 74, 75, 76, 80, 81, 84, 87, 88, 89, 91, 92, 93, 94, 95, 96, 99, 101, 102
72, 83, 0, 32, 17, 46, 84, 29, 69, 62, 11, 71, 97, 2, 108, 57, 61, 26, 41, 16, 30, 70, 9, 22, 12, 15, 105, 90, 55, 27, 31, 67, 107, 8, 43, 10, 50, 60, 25, 1, 3, 4, 5, 6, 7, 13, 14, 19, 20, 21, 23, 24, 28, 33, 34, 35, 37, 38, 39, 40, 42, 44, 45, 47, 48, 49, 51, 52, 53, 54, 56, 58, 59, 63, 64, 65, 66, 73, 74, 75, 76, 78, 80, 81, 82, 86, 87, 88, 89, 91, 92, 93, 94, 95, 96, 98, 99, 100, 101, 102, 103, 104, 106
73, 0, 97, 52, 95, 22, 90, 61, 51, 60, 50, 83, 38, 62, 15, 84, 70, 86, 69, 12, 58, 57, 67, 2, 27, 108, 1, 3, 4, 5, 6, 7, 8, 9, 10, 11, 13, 14, 16, 17, 19, 20, 21, 23, 24, 25, 26, 28, 29, 30, 31, 32, 33, 34, 35, 37, 39, 40, 41, 42, 43, 44, 45, 46, 47, 48, 49, 53, 54, 55, 56, 59, 63, 64, 65, 66, 71, 72, 74, 75, 76, 78, 80, 81, 82, 87, 88, 89, 91, 92, 93, 94, 96, 98, 99, 100, 101, 102, 103, 104, 105, 106, 107
74, 22, 7, 84, 102, 0, 70, 3, 41, 61, 13, 105, 1, 2, 4, 5, 6, 8, 9, 10, 11, 12, 14, 15, 16, 17, 19, 20, 21, 23, 24, 25, 26, 27, 28, 29, 30, 31, 32, 33, 34, 35, 37, 38, 39, 40, 42, 43, 44, 45, 46, 47, 48, 49, 50, 51, 52, 53, 54, 55, 56, 57, 58, 59, 60, 62, 63, 64, 65, 66, 67, 69, 71, 72, 73, 75, 76, 78, 80, 81, 82, 83, 86, 87, 88, 89, 90, 91, 92, 93, 94, 95, 96, 97, 98, 99, 100, 101, 103, 104, 106, 107, 108
75, 70, 95, 22, 0, 108, 2, 98, 26, 38, 107, 8, 69, 84, 61, 29, 67, 55, 1, 3, 4, 5, 6, 7, 9, 10, 11, 12, 13, 14, 15, 16, 17, 19, 20, 21, 23, 24, 25, 27, 28, 30, 31, 32, 33, 34, 35, 37, 39, 40, 41, 42, 43, 44, 45, 46, 47, 48, 49, 50, 51, 52, 53, 54, 56, 57, 58, 59, 60, 62, 63, 64, 65, 66, 71, 72, 73, 74, 76, 78, 80, 81, 82, 83, 86, 87, 88, 89, 90, 91, 92, 93, 94, 96, 97, 99, 100, 101, 102, 103, 104, 105, 106
76, 87, 0, 1, 2, 3, 4, 5, 6, 7, 8, 9, 10, 11, 12, 13, 14, 15, 16, 17, 19, 20, 21, 22, 23, 24, 25, 26, 27, 28, 29, 30, 31, 32, 33, 34, 35, 37, 38, 39, 40, 41, 42, 43, 44, 45, 46, 47, 48, 49, 50, 51, 52, 53, 54, 55, 56, 57, 58, 59, 60, 61, 62, 63, 64, 65, 66, 67, 69, 70, 71, 72, 73, 74, 75, 78, 80, 81, 82, 83, 84, 86, 88, 89, 90, 91, 92, 93, 94, 95, 96, 97, 98, 99, 100, 101, 102, 103, 104, 105, 106, 107, 108
78, 14, 0, 26, 103, 81, 13, 1, 2, 3, 4, 5, 6, 7, 8, 9, 10, 11, 12, 15, 16, 17, 19, 20, 21, 22, 23, 24, 25, 27, 28, 29, 30, 31, 32, 33, 34, 35, 37, 38, 39, 40, 41, 42, 43, 44, 45, 46, 47, 48, 49, 50, 51, 52, 53, 54, 55, 56, 57, 58, 59, 60, 61, 62, 63, 64, 65, 66, 67, 69, 70, 71, 72, 73, 74, 75, 76, 80, 82, 83, 84, 86, 87, 88, 89, 90, 91, 92, 93, 94, 95, 96, 97, 98, 99, 100, 101, 102, 104, 105, 106, 107, 108
80, 28, 81, 88, 61, 0, 23, 24, 49, 42, 27, 53, 59, 11, 9, 2, 8, 64, 62, 67, 29, 1, 3, 4, 5, 6, 7, 10, 12, 13, 14, 15, 16, 17, 19, 20, 21, 22, 25, 26, 30, 31, 32, 33, 34, 35, 37, 38, 39, 40, 41, 43, 44, 45, 46, 47, 48, 50, 51, 52, 54, 55, 56, 57, 58, 60, 63, 65, 66, 69, 70, 71, 72, 73, 74, 75, 76, 78, 82, 83, 84, 86, 87, 89, 90, 91, 92, 93, 94, 95, 96, 97, 98, 99, 100, 101, 102, 103, 104, 105, 106, 107, 108
81, 80, 0, 8, 16, 78, 23, 22, 11, 2, 13, 9, 57, 26, 29, 88, 17, 70, 62, 10, 15, 90, 25, 5, 54, 40, 64, 69, 52, 61, 86, 65, 82, 34, 53, 104, 27, 91, 102, 31, 106, 97, 84, 95, 50, 43, 41, 83, 67, 47, 108, 105, 30, 56, 12, 55, 33, 107, 101, 3, 1, 4, 6, 7, 14, 19, 20, 21, 24, 28, 32, 35, 37, 38, 39, 42, 44, 45, 46, 48, 49, 51, 58, 59, 60, 63, 66, 71, 72, 73, 74, 75, 76, 87, 89, 92, 93, 94, 96, 98, 99, 100, 103
82, 0, 89, 40, 61, 84, 22, 13, 57, 8, 70, 86, 69, 53, 29, 90, 11, 105, 54, 9, 108, 102, 30, 64, 38, 97, 50, 26, 101, 41, 99, 55, 67, 5, 62, 91, 28, 23, 106, 58, 52, 10, 81, 27, 25, 35, 104, 12, 15, 63, 60, 3, 88, 83, 43, 4, 2, 98, 37, 16, 17, 71, 42, 96, 51, 95, 80, 100, 20, 31, 49, 107, 6, 78, 73, 46, 7, 24, 21, 65, 14, 76, 72, 1, 19, 32, 33, 34, 39, 44, 45, 47, 48, 56, 59, 66, 74, 75, 87, 92, 93, 94, 103
83, 17, 72, 0, 15, 61, 22, 16, 11, 84, 90, 69, 97, 104, 24, 10, 70, 57, 29, 13, 8, 25, 41, 55, 12, 2, 82, 71, 52, 86, 40, 27, 50, 30, 60, 53, 108, 9, 23, 54, 67, 64, 62, 102, 95, 46, 38, 35, 42, 51, 56, 105, 28, 26, 100, 14, 43, 49, 101, 44, 80, 93, 31, 91, 59, 106, 32, 92, 81, 45, 1, 3, 4, 5, 6, 7, 19, 20, 21, 33, 34, 37, 39, 47, 48, 58, 63, 65, 66, 73, 74, 75, 76, 78, 87, 88, 89, 94, 96, 98, 99, 103, 107
84, 41, 40, 0, 61, 11, 13, 29, 82, 22, 70, 90, 30, 62, 53, 99, 69, 108, 91, 52, 57, 8, 67, 86, 64, 12, 10, 9, 23, 60, 38, 43, 97, 54, 27, 16, 25, 24, 15, 17, 26, 104, 50, 55, 95, 83, 106, 2, 46, 51, 56, 105, 58, 65, 102, 37, 88, 28, 14, 73, 81, 35, 101, 89, 107, 72, 75, 44, 48, 42, 98, 31, 59, 76, 96, 3, 32, 47, 20, 80, 34, 71, 21, 103, 1, 63, 49, 100, 33, 92, 7, 6, 78, 4, 5, 19, 39, 45, 66, 74, 87, 93, 94
86, 0, 59, 8, 61, 22, 7, 70, 13, 82, 17, 84, 41, 69, 23, 40, 90, 10, 53, 11, 9, 97, 105, 54, 29, 65, 55, 102, 15, 60, 50, 67, 30, 91, 28, 57, 43, 62, 27, 4, 2, 25, 83, 52, 98, 26, 99, 16, 51, 104, 108, 64, 63, 14, 106, 100, 3, 31, 46, 42, 88, 81, 44, 24, 58, 35, 71, 89, 73, 5, 12, 72, 101, 38, 66, 95, 6, 80, 34, 107, 33, 37, 1, 93, 96, 47, 20, 49, 56, 19, 21, 32, 39, 45, 48, 74, 75, 76, 78, 87, 92, 94, 103
87, 76, 0, 1, 2, 3, 4, 5, 6, 7, 8, 9, 10, 11, 12, 13, 14, 15, 16, 17, 19, 20, 21, 22, 23, 24, 25, 26, 27, 28, 29, 30, 31, 32, 33, 34, 35, 37, 38, 39, 40, 41, 42, 43, 44, 45, 46, 47, 48, 49, 50, 51, 52, 53, 54, 55, 56, 57, 58, 59, 60, 61, 62, 63, 64, 65, 66, 67, 69, 70, 71, 72, 73, 74, 75, 78, 80, 81, 82, 83, 84, 86, 88, 89, 90, 91, 92, 93, 94, 95, 96, 97, 98, 99, 100, 101, 102, 103, 104, 105, 106, 107, 108
88, 35, 0, 62, 65, 13, 8, 84, 11, 29, 22, 63, 64, 97, 24, 28, 69, 43, 30, 61, 82, 12, 67, 57, 91, 60, 44, 9, 70, 86, 96, 89, 53, 58, 23, 27, 105, 90, 49, 17, 26, 54, 34, 108, 106, 2, 40, 99, 52, 10, 38, 25, 59, 16, 31, 81, 50, 41, 104, 102, 47, 37, 15, 55, 42, 5, 1, 3, 4, 6, 7, 14, 19, 20, 21, 32, 33, 39, 45, 46, 48, 51, 56, 66, 71, 72, 73, 74, 75, 76, 78, 80, 83, 87, 92, 93, 94, 95, 98, 100, 101, 103, 107
89, 35, 0, 82, 28, 83, 15, 81, 8, 27, 23, 11, 50, 55, 88, 22, 53, 42, 2, 16, 25, 72, 61, 29, 86, 92, 13, 97, 70, 17, 69, 108, 52, 58, 12, 30, 67, 9, 44, 1, 3, 4, 5, 6, 7, 10, 14, 19, 20, 21, 24, 26, 31, 32, 33, 34, 37, 38, 39, 40, 41, 43, 45, 46, 47, 48, 49, 51, 54, 56, 57, 59, 60, 62, 63, 64, 65, 66, 71, 73, 74, 75, 76, 78, 80, 84, 87, 90, 91, 93, 94, 95, 96, 98, 99, 100, 101, 102, 103, 104, 105, 106, 107
90, 96, 99, 54, 95, 0, 8, 16, 72, 52, 106, 41, 50, 34, 61, 40, 46, 22, 2, 29, 57, 70, 69, 23, 82, 86, 9, 11, 3, 83, 28, 60, 12, 107, 84, 105, 62, 58, 17, 67, 13, 104, 108, 48, 47, 25, 35, 53, 26, 55, 27, 15, 38, 14, 97, 30, 43, 10, 102, 42, 65, 73, 101, 63, 64, 100, 88, 24, 19, 32, 78, 71, 81, 56, 91, 20, 80, 75, 51, 98, 66, 6, 7, 4, 31, 5, 44, 1, 74, 103, 76, 33, 21, 37, 39, 45, 49, 59, 87, 89, 92, 93, 94
91, 27, 13, 0, 64, 61, 60, 49, 26, 54, 96, 52, 57, 8, 62, 104, 11, 82, 29, 22, 84, 69, 28, 86, 15, 65, 25, 70, 10, 67, 9, 40, 44, 41, 50, 53, 90, 30, 81, 97, 12, 106, 38, 55, 108, 16, 23, 105, 17, 47, 95, 71, 2, 34, 46, 63, 88, 43, 102, 37, 58, 101, 45, 24, 35, 99, 72, 42, 1, 3, 4, 5, 6, 7, 14, 19, 20, 21, 31, 32, 33, 39, 48, 51, 56, 59, 66, 73, 74, 75, 76, 78, 80, 83, 87, 89, 92, 93, 94, 98, 100, 103, 107
92, 42, 29, 28, 22, 0, 1, 2, 3, 4, 5, 6, 7, 8, 9, 10, 11, 12, 13, 14, 15, 16, 17, 19, 20, 21, 23, 24, 25, 26, 27, 30, 31, 32, 33, 34, 35, 37, 38, 39, 40, 41, 43, 44, 45, 46, 47, 48, 49, 50, 51, 52, 53, 54, 55, 56, 57, 58, 59, 60, 61, 62, 63, 64, 65, 66, 67, 69, 70, 71, 72, 73, 74, 75, 76, 78, 80, 81, 82, 83, 84, 86, 87, 88, 89, 90, 91, 93, 94, 95, 96, 97, 98, 99, 100, 101, 102, 103, 104, 105, 106, 107, 108
93, 92, 27, 13, 8, 0, 1, 2, 3, 4, 5, 6, 7, 9, 10, 11, 12, 14, 15, 16, 17, 19, 20, 21, 22, 23, 24, 25, 26, 28, 29, 30, 31, 32, 33, 34, 35, 37, 38, 39, 40, 41, 42, 43, 44, 45, 46, 47, 48, 49, 50, 51, 52, 53, 54, 55, 56, 57, 58, 59, 60, 61, 62, 63, 64, 65, 66, 67, 69, 70, 71, 72, 73, 74, 75, 76, 78, 80, 81, 82, 83, 84, 86, 87, 88, 89, 90, 91, 94, 95, 96, 97, 98, 99, 100, 101, 102, 103, 104, 105, 106, 107, 108
94, 42, 27, 13, 8, 22, 0, 1, 2, 3, 4, 5, 6, 7, 9, 10, 11, 12, 14, 15, 16, 17, 19, 20, 21, 23, 24, 25, 26, 28, 29, 30, 31, 32, 33, 34, 35, 37, 38, 39, 40, 41, 43, 44, 45, 46, 47, 48, 49, 50, 51, 52, 53, 54, 55, 56, 57, 58, 59, 60, 61, 62, 63, 64, 65, 66, 67, 69, 70, 71, 72, 73, 74, 75, 76, 78, 80, 81, 82, 83, 84, 86, 87, 88, 89, 90, 91, 92, 93, 95, 96, 97, 98, 99, 100, 101, 102, 103, 104, 105, 106, 107, 108
95, 0, 35, 45, 29, 17, 11, 16, 25, 15, 57, 22, 61, 84, 23, 54, 30, 105, 69, 27, 2, 10, 102, 83, 53, 108, 97, 107, 44, 41, 8, 67, 90, 60, 24, 50, 52, 62, 91, 72, 9, 70, 71, 12, 55, 104, 13, 26, 86, 43, 31, 81, 82, 101, 32, 20, 65, 89, 46, 1, 3, 4, 5, 6, 7, 14, 19, 21, 28, 33, 34, 37, 38, 39, 40, 42, 47, 48, 49, 51, 56, 58, 59, 63, 64, 66, 73, 74, 75, 76, 78, 80, 87, 88, 92, 93, 94, 96, 98, 99, 100, 103, 106
96, 64, 91, 37, 9, 0, 29, 40, 82, 57, 105, 22, 30, 2, 23, 50, 1, 3, 4, 5, 6, 7, 8, 10, 11, 12, 13, 14, 15, 16, 17, 19, 20, 21, 24, 25, 26, 27, 28, 31, 32, 33, 34, 35, 38, 39, 41, 42, 43, 44, 45, 46, 47, 48, 49, 51, 52, 53, 54, 55, 56, 58, 59, 60, 61, 62, 63, 65, 66, 67, 69, 70, 71, 72, 73, 74, 75, 76, 78, 80, 81, 83, 84, 86, 87, 88, 89, 90, 92, 93, 94, 95, 97, 98, 99, 100, 101, 102, 103, 104, 106, 107, 108
97, 51, 50, 0, 62, 30, 90, 53, 16, 23, 29, 54, 61, 52, 82, 22, 57, 108, 11, 84, 70, 64, 13, 105, 15, 91, 20, 26, 8, 17, 40, 2, 104, 67, 106, 35, 27, 9, 88, 69, 41, 38, 12, 47, 55, 60, 25, 81, 32, 44, 10, 46, 83, 102, 95, 99, 86, 34, 72, 43, 45, 31, 65, 73, 58, 28, 24, 63, 101, 66, 42, 37, 1, 3, 4, 5, 6, 7, 14, 19, 21, 33, 39, 48, 49, 56, 59, 71, 74, 75, 76, 78, 80, 87, 89, 92, 93, 94, 96, 98, 100, 103, 107
98, 0, 22, 61, 15, 50, 75, 71, 41, 86, 69, 40, 7, 54, 38, 23, 12, 29, 11, 9, 2, 52, 53, 82, 90, 16, 93, 60, 57, 26, 25, 95, 105, 97, 92, 102, 55, 30, 107, 108, 28, 8, 42, 84, 101, 64, 58, 106, 70, 99, 1, 3, 4, 5, 6, 10, 13, 14, 17, 19, 20, 21, 24, 27, 31, 32, 33, 34, 35, 37, 39, 43, 44, 45, 46, 47, 48, 49, 51, 56, 59, 62, 63, 65, 66, 67, 72, 73, 74, 76, 78, 80, 81, 83, 87, 88, 89, 91, 94, 96, 100, 103, 104
99, 106, 95, 2, 41, 0, 40, 82, 61, 84, 29, 8, 104, 54, 53, 9, 22, 57, 86, 23, 66, 52, 13, 63, 70, 100, 25, 102, 105, 67, 55, 4, 30, 90, 5, 11, 108, 69, 3, 10, 19, 12, 27, 50, 101, 64, 62, 71, 6, 7, 34, 58, 60, 91, 26, 103, 65, 51, 97, 81, 28, 47, 107, 14, 24, 16, 38, 1, 15, 17, 20, 21, 31, 32, 33, 35, 37, 39, 42, 43, 44, 45, 46, 48, 49, 56, 59, 72, 73, 74, 75, 76, 78, 80, 83, 87, 88, 89, 92, 93, 94, 96, 98
100, 2, 0, 71, 61, 30, 41, 40, 23, 8, 102, 13, 106, 82, 108, 29, 90, 54, 86, 22, 99, 57, 9, 103, 12, 83, 25, 104, 67, 6, 43, 105, 63, 69, 70, 101, 5, 27, 11, 52, 1, 3, 4, 7, 10, 14, 15, 16, 17, 19, 20, 21, 24, 26, 28, 31, 32, 33, 34, 35, 37, 38, 39, 42, 44, 45, 46, 47, 48, 49, 50, 51, 53, 55, 56, 58, 59, 60, 62, 64, 65, 66, 72, 73, 74, 75, 76, 78, 80, 81, 84, 87, 88, 89, 91, 92, 93, 94, 95, 96, 97, 98, 107
101, 2, 102, 0, 1, 3, 4, 5, 6, 7, 8, 9, 10, 11, 12, 13, 14, 15, 16, 17, 19, 20, 21, 22, 23, 24, 25, 26, 27, 28, 29, 30, 31, 32, 33, 34, 35, 37, 38, 39, 40, 41, 42, 43, 44, 45, 46, 47, 48, 49, 50, 51, 52, 53, 54, 55, 56, 57, 58, 59, 60, 61, 62, 63, 64, 65, 66, 67, 69, 70, 71, 72, 73, 74, 75, 76, 78, 80, 81, 82, 83, 84, 86, 87, 88, 89, 90, 91, 92, 93, 94, 95, 96, 97, 98, 99, 100, 103, 104, 105, 106, 107, 108
102, 101, 40, 3, 99, 0, 105, 70, 61, 41, 57, 8, 22, 29, 82, 54, 104, 13, 74, 67, 84, 9, 106, 95, 90, 55, 91, 97, 11, 52, 50, 86, 4, 100, 23, 60, 12, 10, 62, 34, 103, 30, 43, 69, 15, 71, 28, 25, 64, 108, 47, 16, 5, 6, 83, 17, 98, 72, 26, 7, 53, 65, 24, 58, 27, 81, 107, 88, 14, 19, 46, 31, 96, 35, 66, 1, 2, 20, 21, 32, 33, 37, 38, 39, 42, 44, 45, 48, 49, 51, 56, 59, 63, 73, 75, 76, 78, 80, 87, 89, 92, 93, 94
103, 101, 27, 0, 71, 3, 78, 100, 9, 67, 14, 61, 104, 99, 22, 23, 102, 41, 1, 2, 4, 5, 6, 7, 8, 10, 11, 12, 13, 15, 16, 17, 19, 20, 21, 24, 25, 26, 28, 29, 30, 31, 32, 33, 34, 35, 37, 38, 39, 40, 42, 43, 44, 45, 46, 47, 48, 49, 50, 51, 52, 53, 54, 55, 56, 57, 58, 59, 60, 62, 63, 64, 65, 66, 69, 70, 72, 73, 74, 75, 76, 80, 81, 82, 83, 84, 86, 87, 88, 89, 90, 91, 92, 93, 94, 95, 96, 97, 98, 105, 106, 107, 108
104, 2, 99, 95, 0, 107, 61, 106, 8, 54, 9, 40, 41, 22, 69, 53, 105, 90, 10, 70, 29, 82, 57, 25, 12, 86, 108, 102, 11, 23, 84, 13, 67, 97, 26, 50, 81, 101, 62, 24, 71, 58, 15, 27, 60, 55, 83, 52, 56, 91, 16, 30, 63, 4, 3, 47, 100, 43, 14, 88, 64, 103, 65, 6, 5, 38, 96, 19, 48, 46, 66, 34, 7, 17, 28, 21, 31, 42, 98, 32, 35, 1, 20, 33, 37, 39, 44, 45, 49, 51, 59, 72, 73, 74, 75, 76, 78, 80, 87, 89, 92, 93, 94
105, 2, 0, 99, 61, 40, 22, 54, 104, 82, 67, 29, 41, 13, 86, 69, 102, 108, 90, 84, 30, 8, 26, 57, 9, 11, 70, 101, 10, 52, 107, 27, 55, 97, 23, 60, 50, 12, 62, 7, 106, 71, 25, 64, 81, 91, 95, 4, 3, 96, 47, 103, 6, 43, 53, 65, 46, 98, 5, 88, 15, 63, 34, 16, 100, 56, 14, 24, 83, 17, 74, 66, 58, 21, 35, 28, 31, 38, 48, 72, 51, 1, 19, 20, 32, 33, 37, 39, 42, 44, 45, 49, 59, 73, 75, 76, 78, 80, 87, 89, 92, 93, 94
106, 2, 99, 107, 0, 54, 40, 22, 57, 41, 29, 84, 82, 69, 104, 105, 67, 30, 90, 70, 97, 61, 8, 102, 108, 53, 86, 50, 52, 9, 13, 62, 101, 26, 91, 10, 27, 55, 58, 43, 64, 24, 100, 42, 11, 38, 21, 103, 12, 47, 25, 63, 3, 78, 23, 46, 71, 60, 5, 88, 28, 72, 6, 4, 81, 96, 51, 95, 83, 15, 65, 56, 66, 16, 1, 7, 14, 17, 19, 20, 31, 32, 33, 34, 35, 37, 39, 44, 45, 48, 49, 59, 73, 74, 75, 76, 80, 87, 89, 92, 93, 94, 98
107, 26, 27, 21, 0, 1, 2, 3, 4, 5, 6, 7, 8, 9, 10, 11, 12, 13, 14, 15, 16, 17, 19, 20, 22, 23, 24, 25, 28, 29, 30, 31, 32, 33, 34, 35, 37, 38, 39, 40, 41, 42, 43, 44, 45, 46, 47, 48, 49, 50, 51, 52, 53, 54, 55, 56, 57, 58, 59, 60, 61, 62, 63, 64, 65, 66, 67, 69, 70, 71, 72, 73, 74, 75, 76, 78, 80, 81, 82, 83, 84, 86, 87, 88, 89, 90, 91, 92, 93, 94, 95, 96, 97, 98, 99, 100, 101, 102, 103, 104, 105, 106, 108
108, 0, 61, 84, 82, 13, 54, 22, 57, 29, 34, 69, 8, 11, 70, 41, 64, 40, 90, 67, 86, 62, 102, 30, 97, 9, 53, 55, 23, 12, 105, 38, 10, 16, 43, 91, 27, 50, 15, 2, 104, 25, 60, 52, 106, 26, 81, 99, 83, 101, 88, 89, 32, 100, 14, 58, 3, 44, 65, 72, 35, 95, 28, 24, 4, 42, 46, 17, 31, 56, 5, 20, 6, 75, 98, 71, 107, 63, 51, 73, 7, 96, 37, 47, 21, 76, 49, 1, 103, 80, 66, 45, 33, 59, 78, 19, 39, 48, 74, 87, 92, 93, 94
