0.565820623492815 1 1
0.626818947299126 1 149
0.62688315016594 1 340
0.626848964944609 1 411
0.534717912951517 2 1 440
0.565415946258493 2 1 186
0.565717086155469 2 1 270
0.565519855896683 2 1 149
0.565733620381093 2 1 384
0.565640772853128 2 1 340
0.564904398768154 2 1 5
0.565674693191996 2 1 411
0.627063440000287 0
0.626601594305949 2 149 340
0.626574204949605 2 149 325
0.625927361570582 2 149 411
0.626800550027153 2 220 340
0.626683436990563 2 340 411
0.534000990491055 3 1 44 440
0.534274625952831 3 1 186 440
0.534545093506907 3 1 271 440
0.534582453761059 3 1 270 440
0.534377210765874 3 1 149 440
0.534403094539371 3 1 305 440
0.534529114006472 3 1 68 440
0.534593021506342 3 1 384 440
0.534466605770899 3 1 340 440
0.534591896856176 3 1 411 440
0.564868760803486 3 1 44 186
0.565170202519432 3 1 44 270
0.564969899385515 3 1 44 149
0.565186753316566 3 1 44 384
0.565085687406073 3 1 44 340
0.564334684056401 3 1 5 44
0.565123555600116 3 1 44 411
0.565326034819704 3 1 186 270
0.565123293554759 3 1 149 186
0.565151430692329 3 1 186 305
0.565297120059335 3 1 186 262
0.565275056653038 3 1 68 186
0.565315333500244 3 1 186 384
0.565232903612436 3 1 186 340
0.564498113607869 3 1 5 186
0.564727442772873 3 1 186 237
0.565261157128671 3 1 186 411
0.565406811379502 3 1 149 270
0.565452872408276 3 1 270 305
0.565598561775282 3 1 262 270
0.565576498368985 3 1 68 270
0.565608922528434 3 1 270 384
0.565551009854811 3 1 270 340
0.564799555323815 3 1 5 270
0.565029186761767 3 1 237 270
0.565560894142488 3 1 270 411
0.565207548710989 3 1 149 305
0.565406596828261 3 1 149 262
0.565367667880214 3 1 68 149
0.5653019008603 3 1 149 340
0.564617733379123 3 1 5 149
0.564834867276695 3 1 149 237
0.565366964101066 3 1 149 411
0.56546942320541 3 1 305 384
0.565429778555545 3 1 305 340
0.56463144732687 3 1 5 305
0.56542434179861 3 1 305 411
0.565615112572414 3 1 262 384
0.56553543719135 3 1 262 340
