0<-23,29,35,57,73,96, -0.01
1<-10,23,24,25,33,34,41,45,47,48,65,76,84,99,107, -0.01
2<-13,17,23,27,33,35,48,57,62,73,75,76,86,96, -0.01
3<-0,2,7,14,19,24,35,38,48,49,55,56,57,60,63,76,86,96,102,103,105,106,107, -0.01
4<-0,2,39,105, -0.01
5<-0,2,4,38, -0.01
6<-0,2,3,4,5,8,10,24,25,34,38,41,57,61,63,65,105, -0.01
7<-2,27,86, -0.01
8<-0,12,28,33,38,56,63,76,99,101, -0.01
9<-8,20,34,61, -0.01
10<-2,12,14,20,24,25,29,33,34,41,46,63,84,107, -0.01
11<-1,12,25,40,46,47,80,81,97,103, -0.01
12<-3,14,16,19,41,48,57,63,99, -0.01
13<-17,23,27,60,62,73, -0.01
14<-0,7,13,35,38,48,56,57,63,73,76,83,96,99,105,107, -0.01
15<-16,17,46, -0.01
16<-17,23,46, -0.01
17<-16,23,46, -0.01
18<- -0.01
19<-102,103, -0.01
20<-15, -0.01
21<-48, -0.01
22<-17,30,66,72,95,107, -0.01
23<-46,73, -0.01
24<-0,16,23,29,33,46,48,96,99, -0.01
25<-0,2,8,23,24,30,33,35,37,38,44,57,65,72,80,88,89,97,99, -0.01
26<-21,59,60,62,73,91,96,107, -0.01
27<-16,17,23,48,62,73, -0.01
28<-13,35,37,58,60,62,96, -0.01
29<-17,23,46,57, -0.01
30<-19,31,46,64,85, -0.01
31<-19,28,29,35,37,46,60,64,86,91, -0.01
32<-15,30,31,52,55,72,83, -0.01
33<-0,16,23,61, -0.01
34<-0,12,16,17,20,23,24,25,29,31,33,35,41,44,57,63,65,72,85,88,99,100, -0.01
35<-13,16,48,57,58,60,62,73,96, -0.01
36<- -0.01
37<-35, -0.01
38<-4,39, -0.01
39<-0,16,27, -0.01
40<-2,3,10,12,14,21,33,34,41,56,63,65,84,90,99,103,105,106, -0.01
41<-0,3,17,21,24,31,33,84,86,99,105,107, -0.01
42<-94, -0.01
43<-11,12,17,25,35,48,89,91,95,103,107, -0.01
44<-17,45, -0.01
45<-15,23,24,33, -0.01
46<- -0.01
47<-9,20,34,68,106,107, -0.01
48<-21, -0.01
49<-28,59,80,93,94,96, -0.01
50<-2,16,17,25,26,35,44,51,58,60,73,75,88,89,96,97,99,105,107, -0.01
51<-26,48,53, -0.01
52<-13,17,26,35,37,48,49,50,53,59,64,88,97, -0.01
53<-26,28,30,37,73,89,97, -0.01
54<-0,5,6,34,63,66,72,81,90,96,104,107, -0.01
55<- -0.01
56<-0,35,57,63,76,96,99,107, -0.01
57<-16,23,48,60,62,96, -0.01
58<-17,23,27,48,62, -0.01
59<-28,80,94, -0.01
60<-27,62,73, -0.01
61<-27,28,35,89, -0.01
62<-17, -0.01
63<-0,4,7,23,24,38,57,76,85,99,101,102,104,107, -0.01
64<-13,16,26,27,28,35,48,49,57,58,59,60,91,96,104, -0.01
65<-0,8,14,17,24,26,28,29,57,60,63,73,86,96,102,103,105, -0.01
66<-12,24,43,97, -0.01
67<-10,16,23,43,45,63,66,72,102, -0.01
68<-10, -0.01
69<-13,35,43,44,46,48,64,76,91,94,95, -0.01
70<-0,8,14,28,35,48,56,63,71,75,76,85,95,96, -0.01
71<-0,8,28,35,49,75,83,90,95, -0.01
72<-15,17,23,24,29,41,46,64,83, -0.01
73<- -0.01
74<-0, -0.01
75<- -0.01
76<-0,35,39,57,58,96, -0.01
77<- -0.01
78<-14, -0.01
79<-1,34,47, -0.01
80<-28,59,94, -0.01
81<-14,75,79,80,89, -0.01
82<-0,35,37,40,62,67,73,88,89,90,91,95,96, -0.01
83<-15,16,17,44, -0.01
84<-0,2,29,33,96,99,107, -0.01
85<-24, -0.01
86<-0,16,28,46,55,58, -0.01
87<-76, -0.01
88<-35,57,58,60,62,64,65,83,89,93,96, -0.01
89<-16,35,59,92, -0.01
90<-0,7,24,27,28,34,35,48,52,58,72,73,75,79,83,96,106,107, -0.01
91<-13,48,58,60,73,83,96,105, -0.01
92<-28,42,59,94, -0.01
93<-80,94, -0.01
94<-28,59,80, -0.01
95<-0,2,3,12,13,14,17,25,35,45,48,50,55,56,57,58,62,63,65,73,75,76,83,89,90,96,97,99,106,107, -0.01
96<-13,17,23,46,48,60,62,73, -0.01
97<-16,26,48,73,91,96, -0.01
98<-79, -0.01
99<-2,23,38,46,57,60,62,101,102,103,105,106, -0.01
100<-0,2,29,105, -0.01
101<-2,7,19,23,29,57,102,103,105, -0.01
102<-5,7,62,103,105, -0.01
103<-0,7,23,38,48,57,60,62,96,105, -0.01
104<-0,2,4,38,62,99,101,102,105,106, -0.01
105<-0,2,7,35,57,58,60,62,76,96, -0.01
106<-0,4,23,27,35,38,60,62,101,102,105, -0.01
107<-0,2,16,24,27,33,38,48,57,73,76,91,96,99,104,105,106, -0.01
108<- -0.01
BN score is 0
